 
    >>Normalized Constraint Values:
     0.21E+01
    -0.54E+00
    -0.20E+01
    -0.36E+01
    -0.14E+01
     0.31E+00
     0.85E+00
     0.33E+01
 
 
    >>Objective:       3.8299       0.0137       3.8436
 
 iter    objective      ||grad||        inf_pr          inf_du         lg(mu)
    0  0.3843585E+01  0.0000000E+00  0.3357191E+01  0.1288653E+01  0.1000000E+01
 
    >>Normalized Constraint Values:
     0.76E+00
    -0.57E+00
    -0.16E+01
    -0.26E+01
    -0.14E+01
    -0.24E+00
     0.26E+00
     0.13E+01
 
 
    >>Objective:       5.2525       0.0229       5.2754
    1  0.5275416E+01  0.1836525E+01  0.1753847E+01  0.5413544E+01  0.4201617E+00
 
    >>Normalized Constraint Values:
     0.19E+00
    -0.65E+00
    -0.11E+01
    -0.21E+01
    -0.13E+01
    -0.69E+00
     0.12E+00
     0.41E+00
 
 
    >>Objective:       6.3626       0.0195       6.3822
    2  0.6382170E+01  0.1045176E+01  0.6843533E+00  0.2811564E+01  0.4450868E+00
 
    >>Normalized Constraint Values:
     0.12E+00
    -0.67E+00
    -0.11E+01
    -0.20E+01
    -0.13E+01
    -0.67E+00
     0.46E-01
     0.38E+00
 
 
    >>Objective:       6.5016       0.0212       6.5228
    3  0.6522795E+01  0.5971945E+00  0.3791756E+00  0.1273858E+01  0.5082624E-01
 
    >>Normalized Constraint Values:
    -0.97E-01
    -0.48E+00
    -0.66E+00
    -0.18E+01
    -0.12E+01
    -0.57E+00
     0.44E+00
     0.29E+00
 
 
    >>Objective:       6.9054       0.0292       6.9345
 
    >>Normalized Constraint Values:
    -0.43E-01
    -0.71E+00
    -0.11E+01
    -0.19E+01
    -0.12E+01
    -0.64E+00
    -0.54E-02
     0.26E+00
 
 
    >>Objective:       6.9660       0.0234       6.9894
    4  0.6989418E+01  0.1317903E+01  0.2602111E+00  0.1700428E+01  0.3798483E-01
 
    >>Normalized Constraint Values:
    -0.14E+00
    -0.72E+00
    -0.10E+01
    -0.18E+01
    -0.12E+01
    -0.75E+00
    -0.36E-01
     0.46E-01
 
 
    >>Objective:       8.0443       0.0274       8.0717
    5  0.8071717E+01  0.2324258E+00  0.5628682E-01  0.4765474E+01  0.4687784E-01
 
    >>Normalized Constraint Values:
    -0.15E+00
    -0.73E+00
    -0.10E+01
    -0.18E+01
    -0.12E+01
    -0.77E+00
    -0.14E-01
     0.15E-01
 
 
    >>Objective:       8.0491       0.0275       8.0766
    6  0.8076613E+01  0.2107057E+00  0.1757268E-01  0.8227880E+00  0.5428158E-02
 
    >>Normalized Constraint Values:
    -0.15E+00
    -0.73E+00
    -0.95E+00
    -0.18E+01
    -0.12E+01
    -0.74E+00
    -0.22E-01
     0.39E-01
 
 
    >>Objective:       7.8671       0.0274       7.8945
    7  0.7894503E+01  0.5831507E+00  0.3969989E-01  0.1213147E+01  0.5997586E-03
 
    >>Normalized Constraint Values:
    -0.15E+00
    -0.73E+00
    -0.89E+00
    -0.18E+01
    -0.12E+01
    -0.77E+00
    -0.13E-02
     0.19E-01
 
 
    >>Objective:       7.8668       0.0273       7.8941
    8  0.7894101E+01  0.5582400E+00  0.2646446E-01  0.9051374E+00  0.1703864E-02
 
    >>Normalized Constraint Values:
    -0.12E+00
    -0.73E+00
    -0.88E+00
    -0.18E+01
    -0.12E+01
    -0.83E+00
    -0.36E-02
     0.24E-01
 
 
    >>Objective:       7.8302       0.0265       7.8567
    9  0.7856684E+01  0.1551464E+00  0.2451695E-01  0.1061989E+01  0.9393807E-03
 
    >>Normalized Constraint Values:
    -0.14E+00
    -0.73E+00
    -0.88E+00
    -0.18E+01
    -0.12E+01
    -0.83E+00
    -0.54E-02
    -0.57E-04
 
 
    >>Objective:       7.9743       0.0273       8.0016
   10  0.8001606E+01  0.7609858E-01  0.1479116E-01  0.2698775E+00  0.1472783E-01
 
    >>Normalized Constraint Values:
    -0.14E+00
    -0.73E+00
    -0.88E+00
    -0.18E+01
    -0.12E+01
    -0.82E+00
     0.80E-03
     0.16E-02
 
 
    >>Objective:       7.9545       0.0279       7.9824
   11  0.7982359E+01  0.1089526E+00  0.3564555E-02  0.1063116E+01  0.1645045E-02
 
    >>Normalized Constraint Values:
    -0.14E+00
    -0.73E+00
    -0.86E+00
    -0.18E+01
    -0.12E+01
    -0.83E+00
    -0.97E-03
    -0.11E-03
 
 
    >>Objective:       7.9586       0.0275       7.9861
   12  0.7986064E+01  0.3050482E-01  0.6516050E-02  0.5454748E-01  0.5975681E-03
 
    >>Normalized Constraint Values:
    -0.14E+00
    -0.73E+00
    -0.86E+00
    -0.18E+01
    -0.12E+01
    -0.83E+00
    -0.19E-02
    -0.90E-03
 
 
    >>Objective:       7.9540       0.0266       7.9805
   13  0.7980547E+01  0.3926462E-01  0.6946392E-02  0.5337168E+00  0.1649134E-03
 
    >>Normalized Constraint Values:
    -0.14E+00
    -0.73E+00
    -0.87E+00
    -0.18E+01
    -0.12E+01
    -0.83E+00
     0.78E-03
     0.18E-02
 
 
    >>Objective:       7.9414       0.0273       7.9687
   14  0.7968652E+01  0.2402719E-01  0.1795385E-02  0.1615348E+00  0.3529616E-04
 
    >>Normalized Constraint Values:
    -0.14E+00
    -0.73E+00
    -0.92E+00
    -0.18E+01
    -0.12E+01
    -0.80E+00
    -0.32E-02
     0.69E-02
 
 
    >>Objective:       7.9399       0.0269       7.9669
   15  0.7966864E+01  0.2195956E+00  0.7086654E-02  0.1320959E+01  0.1177588E-02
 
    >>Normalized Constraint Values:
    -0.14E+00
    -0.73E+00
    -0.91E+00
    -0.18E+01
    -0.12E+01
    -0.81E+00
    -0.25E-02
    -0.20E-02
 
 
    >>Objective:       7.9676       0.0272       7.9947
   16  0.7994739E+01  0.3189258E-01  0.2196204E-02  0.3752121E+00  0.7025478E-03
 
    >>Normalized Constraint Values:
    -0.14E+00
    -0.73E+00
    -0.88E+00
    -0.18E+01
    -0.12E+01
    -0.83E+00
    -0.27E-05
    -0.45E-02
 
 
    >>Objective:       7.9465       0.0274       7.9739
   17  0.7973943E+01  0.9248437E-01  0.9070900E-02  0.1849580E+01  0.5342342E-03
 
    >>Normalized Constraint Values:
    -0.14E+00
    -0.73E+00
    -0.87E+00
    -0.18E+01
    -0.12E+01
    -0.83E+00
     0.77E-03
     0.47E-02
 
 
    >>Objective:       7.9230       0.0269       7.9500
   18  0.7949961E+01  0.1748469E+00  0.6247309E-02  0.3722553E+00  0.5342342E-03
 
    >>Normalized Constraint Values:
    -0.14E+00
    -0.73E+00
    -0.87E+00
    -0.18E+01
    -0.12E+01
    -0.83E+00
     0.17E-02
     0.55E-03
 
 
    >>Objective:       7.9472       0.0279       7.9751
   19  0.7975062E+01  0.1319405E-01  0.1798005E-02  0.5030249E+00  0.1395958E-03
 
    >>Normalized Constraint Values:
    -0.14E+00
    -0.73E+00
    -0.86E+00
    -0.18E+01
    -0.12E+01
    -0.83E+00
    -0.89E-03
     0.15E-04
 
 
    >>Objective:       7.9544       0.0275       7.9819
   20  0.7981873E+01  0.1153988E-01  0.8303037E-03  0.9753748E+00  0.1565098E-03
 
    >>Normalized Constraint Values:
    -0.14E+00
    -0.73E+00
    -0.86E+00
    -0.18E+01
    -0.12E+01
    -0.83E+00
    -0.49E-03
     0.44E-03
 
 
    >>Objective:       7.9519       0.0277       7.9796
   21  0.7979565E+01  0.3070288E-02  0.4955686E-03  0.5847497E+00  0.4583911E-04
 
 The solution was found.
 
 The final value of the objective function is    7.97956468874105     
 
 The optimal values of X are:
 
 X  (           1 ) =    4.52046704559787      in^2
 X  (           2 ) =   0.255378379061703      in^2
 X  (           3 ) =   0.841008885533202      in^2
 X  (           4 ) =    44.2345541595139      deg
 X  (           5 ) =    60.0001217630141      deg
 X  (           6 ) =    134.209339088369      deg
 
 The multipliers for the equality constraints are:
 
 LAM(           1 ) =   3.438868876483643E-004
 LAM(           2 ) =   6.534662475231554E-005
 LAM(           3 ) =   5.503214116486164E-005
 LAM(           4 ) =   2.638176025617530E-005
 LAM(           5 ) =   3.888416742139644E-005
 LAM(           6 ) =   5.729020963529679E-005
 LAM(           7 ) =    2.56233984444146     
 LAM(           8 ) =    5.39608186428235     
 
 Weight and its variance:   7.95191359657981       2.765109216124273E-002
