 
    >>Normalized Constraint Values:
  0.11901E+01  0.39649E-01  0.12694E+01     30.01539
 -0.43526E+00  0.16845E-01 -0.40157E+00    -25.83860
 -0.20602E+01  0.21487E-01 -0.20172E+01    -95.88223
 -0.31901E+01  0.39753E-01 -0.31106E+01    -80.24667
 -0.15647E+01  0.16888E-01 -0.15310E+01    -92.65544
  0.60180E-01  0.21474E-01  0.10313E+00      2.80246
  0.13032E+00  0.41046E-01  0.21241E+00      3.17501
  0.22526E+01  0.50803E-01  0.23543E+01     44.34068
 
 
    >>Objective:       7.6597       0.0049       7.6647
    >>Coeff of variance:       0.0091
 
 iter    objective      ||grad||        inf_pr          inf_du         lg(mu)
    0  0.7664656E+01  0.0000000E+00  0.2364254E+01  0.1189432E+01  0.1000000E+01
 
    >>Normalized Constraint Values:
  0.66470E+00  0.22639E-01  0.70998E+00     29.36131
 -0.40875E+00  0.18620E-01 -0.37151E+00    -21.95158
 -0.18431E+01  0.18981E-01 -0.18051E+01    -97.10518
 -0.26647E+01  0.22699E-01 -0.26193E+01   -117.39509
 -0.15913E+01  0.18602E-01 -0.15540E+01    -85.54001
 -0.15689E+00  0.19002E-01 -0.11888E+00     -8.25648
 -0.10302E+00  0.40025E-01 -0.22974E-01     -2.57398
  0.14646E+01  0.30718E-01  0.15261E+01     47.67908
 
 
    >>Objective:       9.2747       0.0195       9.2942
    >>Coeff of variance:       0.0151
    1  0.9294229E+01  0.1516341E+01  0.1675067E+01  0.1043833E+02  0.3233668E+00
 
    >>Normalized Constraint Values:
  0.29767E+00  0.97271E-02  0.31713E+00     30.60224
 -0.26934E+00  0.12750E-01 -0.24383E+00    -21.12398
 -0.14538E+01  0.30277E-01 -0.13932E+01    -48.01646
 -0.22977E+01  0.97018E-02 -0.22783E+01   -236.83005
 -0.17307E+01  0.12750E-01 -0.17052E+01   -135.73880
 -0.54620E+00  0.30316E-01 -0.48557E+00    -18.01668
 -0.10569E-01  0.49077E-01  0.87584E-01     -0.21535
  0.66328E+00  0.32935E-01  0.72915E+00     20.13896
 
 
    >>Objective:       9.6851       0.0151       9.7002
    >>Coeff of variance:       0.0127
    2  0.9700210E+01  0.9758717E+00  0.8031870E+00  0.5237254E+01  0.3681762E+00
 
    >>Normalized Constraint Values:
  0.11822E-01  0.13951E-01  0.39725E-01      0.84741
 -0.30320E+00  0.16680E-01 -0.26984E+00    -18.17713
 -0.13329E+01  0.21538E-01 -0.12899E+01    -61.88719
 -0.20118E+01  0.13993E-01 -0.19838E+01   -143.77649
 -0.16968E+01  0.16664E-01 -0.16635E+01   -101.82445
 -0.66707E+00  0.21480E-01 -0.62411E+00    -31.05577
  0.18703E-01  0.43619E-01  0.10594E+00      0.42878
  0.45182E+00  0.25288E-01  0.50240E+00     17.86667
 
 
    >>Objective:      11.9364       0.0316      11.9680
    >>Coeff of variance:       0.0149
    3  0.1196803E+02  0.1011094E+01  0.5031362E+00  0.1767863E+02  0.4041647E+00
 
    >>Normalized Constraint Values:
 -0.15812E+00  0.69433E-02 -0.14423E+00    -22.77283
 -0.50410E+00  0.11341E-01 -0.48141E+00    -44.45067
 -0.12967E+01  0.25722E-01 -0.12453E+01    -50.41323
 -0.18419E+01  0.69509E-02 -0.18280E+01   -264.98480
 -0.14959E+01  0.11342E-01 -0.14732E+01   -131.89081
 -0.70326E+00  0.25736E-01 -0.65179E+00    -27.32624
 -0.32389E+00  0.42387E-01 -0.23912E+00     -7.64132
  0.12110E+00  0.24846E-01  0.17079E+00      4.87394
 
 
    >>Objective:      13.7611       0.0323      13.7934
    >>Coeff of variance:       0.0131
    4  0.1379341E+02  0.1326387E+01  0.1878122E+00  0.8404798E+01  0.2253836E+00
 
    >>Normalized Constraint Values:
 -0.15355E+00  0.68654E-02 -0.13982E+00    -22.36553
 -0.42150E+00  0.17446E-01 -0.38660E+00    -24.16009
 -0.11777E+01  0.24185E-01 -0.11293E+01    -48.69470
 -0.18465E+01  0.68562E-02 -0.18327E+01   -269.30985
 -0.15785E+01  0.17444E-01 -0.15436E+01    -90.48955
 -0.82233E+00  0.24213E-01 -0.77391E+00    -33.96301
 -0.45630E-01  0.55815E-01  0.66000E-01     -0.81753
  0.18600E-01  0.20835E-01  0.60269E-01      0.89272
 
 
    >>Objective:      14.6232       0.0500      14.6732
    >>Coeff of variance:       0.0153
    5  0.1467318E+02  0.6126647E+00  0.6870614E-01  0.3188575E+01  0.5888364E-01
 
    >>Normalized Constraint Values:
 -0.18363E+00  0.69913E-02 -0.16965E+00    -26.26527
 -0.45285E+00  0.16047E-01 -0.42076E+00    -28.22016
 -0.11983E+01  0.23509E-01 -0.11513E+01    -50.97170
 -0.18164E+01  0.69871E-02 -0.18024E+01   -259.95937
 -0.15472E+01  0.16042E-01 -0.15151E+01    -96.44127
 -0.80172E+00  0.23446E-01 -0.75483E+00    -34.19420
 -0.11831E+00  0.53088E-01 -0.12130E-01     -2.22849
  0.53661E-04  0.21609E-01  0.43271E-01      0.00248
 
 
    >>Objective:      15.0400       0.0520      15.0920
    >>Coeff of variance:       0.0152
    6  0.1509196E+02  0.5343153E+00  0.4578072E-01  0.1047444E+02  0.5365665E-01
 
    >>Normalized Constraint Values:
 -0.22167E+00  0.77590E-02 -0.20616E+00    -28.56996
 -0.46141E+00  0.15698E-01 -0.43001E+00    -29.39372
 -0.11913E+01  0.21443E-01 -0.11485E+01    -55.55730
 -0.17783E+01  0.77624E-02 -0.17628E+01   -229.09546
 -0.15386E+01  0.15695E-01 -0.15072E+01    -98.03146
 -0.80866E+00  0.21386E-01 -0.76589E+00    -37.81312
 -0.11804E+00  0.51928E-01 -0.14181E-01     -2.27309
 -0.38099E-01  0.21371E-01  0.46433E-02     -1.78273
 
 
    >>Objective:      15.9111       0.0631      15.9742
    >>Coeff of variance:       0.0158
    7  0.1597423E+02  0.2161000E+00  0.8733335E-02  0.2551001E+01  0.4371503E-02
 
    >>Normalized Constraint Values:
 -0.21902E+00  0.76822E-02 -0.20366E+00    -28.51033
 -0.45768E+00  0.15780E-01 -0.42612E+00    -29.00346
 -0.11856E+01  0.21100E-01 -0.11434E+01    -56.19026
 -0.17810E+01  0.76788E-02 -0.17656E+01   -231.93454
 -0.15423E+01  0.15780E-01 -0.15108E+01    -97.73707
 -0.81437E+00  0.21087E-01 -0.77220E+00    -38.61892
 -0.10554E+00  0.51705E-01 -0.21288E-02     -2.04117
 -0.42599E-01  0.20711E-01 -0.11762E-02     -2.05679
 
 
    >>Objective:      15.9907       0.0636      16.0543
    >>Coeff of variance:       0.0158
    8  0.1605432E+02  0.6305025E-01  0.1053296E-02  0.6104412E+00  0.3102820E-02
 
    >>Normalized Constraint Values:
 -0.20685E+00  0.72464E-02 -0.19236E+00    -28.54505
 -0.45606E+00  0.15682E-01 -0.42470E+00    -29.08113
 -0.11830E+01  0.20954E-01 -0.11411E+01    -56.45878
 -0.17932E+01  0.72410E-02 -0.17787E+01   -247.63709
 -0.15439E+01  0.15686E-01 -0.15126E+01    -98.42613
 -0.81697E+00  0.21016E-01 -0.77493E+00    -38.87334
 -0.10197E+00  0.51182E-01  0.39460E-03     -1.99229
 -0.41292E-01  0.20165E-01 -0.96147E-03     -2.04768
 
 
    >>Objective:      15.9279       0.0619      15.9898
    >>Coeff of variance:       0.0156
    9  0.1598981E+02  0.8904456E-01  0.1152800E-02  0.3633569E+00  0.2769848E-03
 
    >>Normalized Constraint Values:
 -0.20539E+00  0.72143E-02 -0.19096E+00    -28.47005
 -0.45592E+00  0.15680E-01 -0.42456E+00    -29.07691
 -0.11832E+01  0.21035E-01 -0.11411E+01    -56.24988
 -0.17946E+01  0.72009E-02 -0.17802E+01   -249.21974
 -0.15441E+01  0.15686E-01 -0.15127E+01    -98.43921
 -0.81680E+00  0.20984E-01 -0.77483E+00    -38.92471
 -0.10213E+00  0.51264E-01  0.39961E-03     -1.99220
 -0.40351E-01  0.20143E-01 -0.65646E-04     -2.00326
 
 
    >>Objective:      15.9025       0.0614      15.9639
    >>Coeff of variance:       0.0156
   10  0.1596392E+02  0.7744219E-02  0.4120731E-03  0.6168317E-02  0.9987189E-05
 
    >>Normalized Constraint Values:
 -0.20551E+00  0.72087E-02 -0.19109E+00    -28.50840
 -0.45605E+00  0.15670E-01 -0.42471E+00    -29.10305
 -0.11833E+01  0.20991E-01 -0.11413E+01    -56.37215
 -0.17945E+01  0.72111E-02 -0.17801E+01   -248.85060
 -0.15439E+01  0.15678E-01 -0.15126E+01    -98.47725
 -0.81669E+00  0.21021E-01 -0.77465E+00    -38.85041
 -0.10252E+00  0.51260E-01  0.88071E-06     -1.99998
 -0.40279E-01  0.20136E-01 -0.76909E-05     -2.00038
 
 
    >>Objective:      15.9018       0.0611      15.9629
    >>Coeff of variance:       0.0155
   11  0.1596286E+02  0.9806826E-03  0.8877203E-04  0.2166358E-01  0.2500150E-06
 
 The solution was found.
 
 The final value of the objective function is    15.9628563564770     
 
 The optimal values of X are:
 
 X  (           1 ) =    4.99999994945603      in^2
 X  (           2 ) =    1.82179473326138      in^2
 X  (           3 ) =    2.89536932037699      in^2
 X  (           4 ) =    37.4667285575829      deg
 X  (           5 ) =    60.0000001569990      deg
 X  (           6 ) =    148.661437538564      deg
 
 The multipliers for the equality constraints are:
 
 LAM(           1 ) =   1.265222349048552E-006
 LAM(           2 ) =   5.874449111827207E-007
 LAM(           3 ) =   2.189641293140270E-007
 LAM(           4 ) =   1.407161106592902E-007
 LAM(           5 ) =   1.663187200925736E-007
 LAM(           6 ) =   3.225322767854084E-007
 LAM(           7 ) =    2.50775114716599     
 LAM(           8 ) =    26.4627311257436     
 
Weight, variance, SD, CV:      15.9018       0.0611       0.2472       0.0155
