 
    >>Normalized Constraint Values:
     0.18E+01
    -0.58E+00
    -0.22E+01
    -0.38E+01
    -0.14E+01
     0.18E+00
     0.67E+00
     0.30E+01
 
 
    >>Objective:       3.8284       0.0000       3.8285
 
 iter    objective      ||grad||        inf_pr          inf_du         lg(mu)
    0  0.3828454E+01  0.0000000E+00  0.3023527E+01  0.1160706E+01  0.1000000E+01
 
    >>Normalized Constraint Values:
     0.81E+00
    -0.59E+00
    -0.19E+01
    -0.28E+01
    -0.14E+01
    -0.29E-01
    -0.17E+00
     0.17E+01
 
 
    >>Objective:       4.5316       0.0000       4.5317
    1  0.4531660E+01  0.2067059E+01  0.1921346E+01  0.6258462E+01  0.2228493E+00
 
    >>Normalized Constraint Values:
     0.76E+00
    -0.58E+00
    -0.17E+01
    -0.28E+01
    -0.14E+01
    -0.27E+00
     0.50E-01
     0.13E+01
 
 
    >>Objective:       4.7427       0.0000       4.7427
    2  0.4742744E+01  0.8621496E+00  0.1563936E+01  0.6940932E+01  0.5355957E+00
 
    >>Normalized Constraint Values:
     0.38E+00
    -0.67E+00
    -0.15E+01
    -0.24E+01
    -0.13E+01
    -0.44E+00
    -0.17E+00
     0.78E+00
 
 
    >>Objective:       6.1563       0.0001       6.1563
    3  0.6156321E+01  0.1283852E+01  0.9237011E+00  0.3552818E+01  0.3748098E+00
 
    >>Normalized Constraint Values:
     0.19E+00
    -0.71E+00
    -0.14E+01
    -0.22E+01
    -0.13E+01
    -0.56E+00
    -0.25E+00
     0.46E+00
 
 
    >>Objective:       7.4102       0.0001       7.4103
    4  0.7410298E+01  0.8583333E+00  0.4638232E+00  0.2178500E+01  0.1202095E+00
 
    >>Normalized Constraint Values:
     0.42E-01
    -0.73E+00
    -0.12E+01
    -0.20E+01
    -0.13E+01
    -0.75E+00
    -0.21E+00
     0.14E+00
 
 
    >>Objective:       8.3355       0.0001       8.3356
    5  0.8335631E+01  0.9488624E+00  0.1982553E+00  0.5911356E+01  0.1043864E+00
 
    >>Normalized Constraint Values:
    -0.35E-02
    -0.73E+00
    -0.11E+01
    -0.20E+01
    -0.13E+01
    -0.84E+00
    -0.13E+00
     0.20E-01
 
 
    >>Objective:       8.5374       0.0001       8.5375
    6  0.8537485E+01  0.1908822E+00  0.1238355E+00  0.4585728E+01  0.2033943E-01
 
    >>Normalized Constraint Values:
    -0.64E-02
    -0.72E+00
    -0.11E+01
    -0.20E+01
    -0.13E+01
    -0.90E+00
    -0.55E-01
    -0.77E-02
 
 
    >>Objective:       8.0751       0.0001       8.0752
    7  0.8075247E+01  0.3884837E+00  0.4764605E-01  0.4055191E+01  0.1345783E-01
 
    >>Normalized Constraint Values:
    -0.46E-02
    -0.71E+00
    -0.11E+01
    -0.20E+01
    -0.13E+01
    -0.90E+00
    -0.43E-01
    -0.37E-02
 
 
    >>Objective:       7.7752       0.0001       7.7753
    8  0.7775303E+01  0.5594397E+00  0.4336512E-01  0.4649605E+01  0.1768661E-02
 
    >>Normalized Constraint Values:
    -0.75E-02
    -0.74E+00
    -0.14E+01
    -0.20E+01
    -0.13E+01
    -0.58E+00
    -0.33E+00
     0.31E+00
 
 
    >>Objective:       6.5107       0.0001       6.5108
    9  0.6510780E+01  0.8390913E+00  0.3332149E+00  0.4543517E+02  0.4899641E-02
 
    >>Normalized Constraint Values:
    -0.34E-02
    -0.71E+00
    -0.11E+01
    -0.20E+01
    -0.13E+01
    -0.81E+00
    -0.53E-01
     0.53E-01
 
 
    >>Objective:       6.5837       0.0001       6.5837
   10  0.6583741E+01  0.7260557E-01  0.5400666E-01  0.9749471E+00  0.1375313E-01
 
    >>Normalized Constraint Values:
    -0.20E-02
    -0.70E+00
    -0.11E+01
    -0.20E+01
    -0.13E+01
    -0.86E+00
     0.11E-03
     0.10E-01
 
 
    >>Objective:       6.6246       0.0001       6.6247
   11  0.6624658E+01  0.6064792E-01  0.1202844E-01  0.7708268E+00  0.7961587E-02
 
    >>Normalized Constraint Values:
    -0.40E-03
    -0.70E+00
    -0.11E+01
    -0.20E+01
    -0.13E+01
    -0.87E+00
     0.11E-01
     0.11E-02
 
 
    >>Objective:       6.6582       0.0001       6.6583
   12  0.6658336E+01  0.2292161E-01  0.1146996E-01  0.1133257E+01  0.3905196E-03
 
    >>Normalized Constraint Values:
    -0.20E-04
    -0.70E+00
    -0.11E+01
    -0.20E+01
    -0.13E+01
    -0.86E+00
     0.10E-01
    -0.96E-03
 
 
    >>Objective:       6.6987       0.0001       6.6988
   13  0.6698820E+01  0.2319301E-01  0.1015703E-01  0.3000155E+00  0.1041462E-03
 
    >>Normalized Constraint Values:
    -0.56E-05
    -0.70E+00
    -0.11E+01
    -0.20E+01
    -0.13E+01
    -0.86E+00
     0.69E-02
    -0.63E-03
 
 
    >>Objective:       6.7260       0.0001       6.7261
   14  0.6726063E+01  0.1655469E-01  0.6869504E-02  0.1399694E+00  0.5741809E-05
 
    >>Normalized Constraint Values:
    -0.46E-06
    -0.70E+00
    -0.11E+01
    -0.20E+01
    -0.13E+01
    -0.85E+00
     0.48E-02
    -0.45E-03
 
 
    >>Objective:       6.7440       0.0001       6.7441
   15  0.6744113E+01  0.1200177E-01  0.4839046E-02  0.1306805E+00  0.1770665E-06
 
    >>Normalized Constraint Values:
    -0.19E-02
    -0.70E+00
    -0.10E+01
    -0.20E+01
    -0.13E+01
    -0.94E+00
    -0.18E-01
     0.34E-01
 
 
    >>Objective:       6.7615       0.0001       6.7616
 
    >>Normalized Constraint Values:
     0.72E-04
    -0.70E+00
    -0.10E+01
    -0.20E+01
    -0.13E+01
    -0.95E+00
     0.16E-01
     0.63E-02
 
 
    >>Objective:       6.8509       0.0001       6.8510
 
    >>Normalized Constraint Values:
     0.51E-03
    -0.70E+00
    -0.10E+01
    -0.20E+01
    -0.13E+01
    -0.94E+00
     0.19E-01
    -0.27E-02
 
 
    >>Objective:       6.9190       0.0001       6.9191
 
    >>Normalized Constraint Values:
     0.39E-03
    -0.70E+00
    -0.10E+01
    -0.20E+01
    -0.13E+01
    -0.93E+00
     0.15E-01
    -0.47E-02
 
 
    >>Objective:       6.9623       0.0001       6.9624
 
    >>Normalized Constraint Values:
     0.23E-03
    -0.70E+00
    -0.10E+01
    -0.20E+01
    -0.13E+01
    -0.92E+00
     0.96E-02
    -0.39E-02
 
 
    >>Objective:       6.9849       0.0001       6.9850
 
    >>Normalized Constraint Values:
    -0.47E-03
    -0.70E+00
    -0.11E+01
    -0.20E+01
    -0.13E+01
    -0.90E+00
     0.12E-02
     0.89E-02
 
 
    >>Objective:       6.7461       0.0001       6.7462
 
    >>Normalized Constraint Values:
    -0.12E-03
    -0.70E+00
    -0.11E+01
    -0.20E+01
    -0.13E+01
    -0.88E+00
     0.53E-02
     0.18E-02
 
 
    >>Objective:       6.7431       0.0001       6.7432
   16  0.6743243E+01  0.1386160E+00  0.5323249E-02  0.1027600E+01  0.4388580E-06
 
    >>Normalized Constraint Values:
    -0.13E-03
    -0.70E+00
    -0.11E+01
    -0.20E+01
    -0.13E+01
    -0.85E+00
    -0.32E-03
     0.20E-02
 
 
    >>Objective:       6.7626       0.0001       6.7627
   17  0.6762664E+01  0.3252483E-01  0.2045154E-02  0.2593872E+00  0.3085795E-06
 
    >>Normalized Constraint Values:
    -0.10E-05
    -0.70E+00
    -0.11E+01
    -0.20E+01
    -0.13E+01
    -0.86E+00
     0.22E-02
    -0.14E-03
 
 
    >>Objective:       6.7709       0.0001       6.7710
   18  0.6771015E+01  0.5708199E-02  0.2202612E-02  0.1090682E+00  0.8851575E-08
 
    >>Normalized Constraint Values:
    -0.18E-05
    -0.70E+00
    -0.11E+01
    -0.20E+01
    -0.13E+01
    -0.86E+00
     0.22E-02
    -0.14E-03
 
 
    >>Objective:       6.7767       0.0001       6.7768
 
    >>Normalized Constraint Values:
     0.17E-05
    -0.70E+00
    -0.11E+01
    -0.20E+01
    -0.13E+01
    -0.86E+00
     0.14E-02
    -0.14E-03
 
 
    >>Objective:       6.7829       0.0001       6.7830
   19  0.6783028E+01  0.7043214E-02  0.1429388E-02  0.4635619E-01  0.3412372E-09
 
    >>Normalized Constraint Values:
     0.85E-07
    -0.70E+00
    -0.11E+01
    -0.20E+01
    -0.13E+01
    -0.86E+00
     0.11E-02
    -0.86E-04
 
 
    >>Objective:       6.7869       0.0001       6.7869
   20  0.6786945E+01  0.3272512E-02  0.1096160E-02  0.2812809E-02  0.1000000E-10
 
    >>Normalized Constraint Values:
    -0.22E-06
    -0.70E+00
    -0.11E+01
    -0.20E+01
    -0.13E+01
    -0.86E+00
     0.73E-03
    -0.72E-04
 
 
    >>Objective:       6.7900       0.0001       6.7901
   21  0.6790097E+01  0.1925049E-02  0.7254625E-03  0.7181292E-02  0.1000000E-10
 
 The solution was found.
 
 The final value of the objective function is    6.79009698997088     
 
 The optimal values of X are:
 
 X  (           1 ) =    3.98926894882961      in^2
 X  (           2 ) =   0.000000000000000E+000 in^2
 X  (           3 ) =   0.760036919549953      in^2
 X  (           4 ) =    46.3223505870033      deg
 X  (           5 ) =    63.5649762047592      deg
 X  (           6 ) =    143.378812929102      deg
 
 The multipliers for the equality constraints are:
 
 LAM(           1 ) =    4.71688248467092     
 LAM(           2 ) =   1.421131876653532E-011
 LAM(           3 ) =   9.058803069378471E-012
 LAM(           4 ) =   5.002100070169591E-012
 LAM(           5 ) =   7.752349614730114E-012
 LAM(           6 ) =   1.163961299687701E-011
 LAM(           7 ) =    3.30429255207639     
 LAM(           8 ) =    5.40328067712950     
 
 Weight and its variance:   6.79000315974596       9.383022491959991E-005
