 
    >>Normalized Constraint Values:
    -0.95E-02     0.20E-02    -0.75E-02
    -0.72E+00     0.87E-02    -0.71E+00
    -0.11E+01     0.40E-01    -0.11E+01
    -0.20E+01     0.20E-02    -0.20E+01
    -0.13E+01     0.86E-02    -0.13E+01
    -0.88E+00     0.40E-01    -0.84E+00
    -0.54E-01     0.65E-01     0.11E-01
    -0.56E-01     0.40E-01    -0.16E-01
 
 
    >>Objective:       8.3755       0.0122       8.3877
    >>Robustness factor:       0.0132
 
 iter    objective      ||grad||        inf_pr          inf_du         lg(mu)
    0  0.8387685E+01  0.0000000E+00  0.2087413E-01  0.2273521E+01  0.1000000E+01
 
    >>Normalized Constraint Values:
    -0.15E-01     0.18E-02    -0.13E-01
    -0.72E+00     0.85E-02    -0.71E+00
    -0.11E+01     0.41E-01    -0.11E+01
    -0.20E+01     0.18E-02    -0.20E+01
    -0.13E+01     0.85E-02    -0.13E+01
    -0.87E+00     0.41E-01    -0.82E+00
    -0.84E-01     0.64E-01    -0.20E-01
    -0.39E-01     0.41E-01     0.20E-02
 
 
    >>Objective:       8.2566       0.0114       8.2680
    >>Robustness factor:       0.0129
    1  0.8267977E+01  0.3119134E+00  0.6419267E-02  0.5501325E+01  0.6181404E-01
 
    >>Normalized Constraint Values:
    -0.13E-01     0.27E-02    -0.10E-01
    -0.72E+00     0.10E-01    -0.71E+00
    -0.12E+01     0.46E-01    -0.11E+01
    -0.20E+01     0.26E-02    -0.20E+01
    -0.13E+01     0.10E-01    -0.13E+01
    -0.84E+00     0.46E-01    -0.79E+00
    -0.89E-01     0.74E-01    -0.14E-01
    -0.39E-01     0.52E-01     0.13E-01
 
 
    >>Objective:       8.1023       0.0120       8.1142
    >>Robustness factor:       0.0135
    2  0.8114236E+01  0.1775651E+00  0.1506393E-01  0.3835004E+01  0.1680985E-01
 
    >>Normalized Constraint Values:
    -0.48E-02     0.21E-02    -0.27E-02
    -0.71E+00     0.10E-01    -0.70E+00
    -0.11E+01     0.44E-01    -0.11E+01
    -0.20E+01     0.20E-02    -0.20E+01
    -0.13E+01     0.10E-01    -0.13E+01
    -0.87E+00     0.44E-01    -0.83E+00
    -0.56E-01     0.70E-01     0.14E-01
    -0.40E-01     0.46E-01     0.51E-02
 
 
    >>Objective:       8.0517       0.0115       8.0632
    >>Robustness factor:       0.0133
    3  0.8063246E+01  0.5106933E-01  0.1564877E-01  0.6788176E+00  0.8239104E-02
 
    >>Normalized Constraint Values:
    -0.27E-02     0.23E-02    -0.41E-03
    -0.71E+00     0.99E-02    -0.70E+00
    -0.11E+01     0.43E-01    -0.11E+01
    -0.20E+01     0.23E-02    -0.20E+01
    -0.13E+01     0.10E-01    -0.13E+01
    -0.87E+00     0.43E-01    -0.82E+00
    -0.53E-01     0.70E-01     0.18E-01
    -0.46E-01     0.46E-01    -0.28E-03
 
 
    >>Objective:       8.1445       0.0118       8.1563
    >>Robustness factor:       0.0134
    4  0.8156314E+01  0.5001002E-01  0.1806931E-01  0.2023307E+00  0.6699209E-03
 
    >>Normalized Constraint Values:
    -0.23E-02     0.23E-02    -0.10E-04
    -0.72E+00     0.95E-02    -0.71E+00
    -0.11E+01     0.42E-01    -0.11E+01
    -0.20E+01     0.24E-02    -0.20E+01
    -0.13E+01     0.95E-02    -0.13E+01
    -0.86E+00     0.42E-01    -0.82E+00
    -0.57E-01     0.68E-01     0.12E-01
    -0.46E-01     0.44E-01    -0.21E-02
 
 
    >>Objective:       8.2407       0.0123       8.2530
    >>Robustness factor:       0.0135
    5  0.8253044E+01  0.5649533E-01  0.1157896E-01  0.3763924E+00  0.2267335E-04
 
    >>Normalized Constraint Values:
    -0.23E-02     0.23E-02     0.14E-04
    -0.72E+00     0.89E-02    -0.71E+00
    -0.11E+01     0.41E-01    -0.11E+01
    -0.20E+01     0.23E-02    -0.20E+01
    -0.13E+01     0.89E-02    -0.13E+01
    -0.86E+00     0.41E-01    -0.82E+00
    -0.60E-01     0.66E-01     0.59E-02
    -0.44E-01     0.43E-01    -0.99E-03
 
 
    >>Objective:       8.2802       0.0122       8.2924
    >>Robustness factor:       0.0133
    6  0.8292382E+01  0.3613754E-01  0.5921593E-02  0.5694170E+00  0.3277570E-05
 
    >>Normalized Constraint Values:
    -0.22E-02     0.22E-02    -0.97E-07
    -0.72E+00     0.85E-02    -0.71E+00
    -0.11E+01     0.40E-01    -0.11E+01
    -0.20E+01     0.22E-02    -0.20E+01
    -0.13E+01     0.85E-02    -0.13E+01
    -0.86E+00     0.40E-01    -0.82E+00
    -0.62E-01     0.65E-01     0.37E-02
    -0.43E-01     0.42E-01    -0.78E-03
 
 
    >>Objective:       8.3016       0.0121       8.3137
    >>Robustness factor:       0.0132
    7  0.8313667E+01  0.2401663E-01  0.3657351E-02  0.1091266E+00  0.1525776E-06
 
    >>Normalized Constraint Values:
    -0.22E-02     0.22E-02     0.16E-04
    -0.72E+00     0.85E-02    -0.71E+00
    -0.11E+01     0.40E-01    -0.11E+01
    -0.20E+01     0.22E-02    -0.20E+01
    -0.13E+01     0.85E-02    -0.13E+01
    -0.86E+00     0.40E-01    -0.82E+00
    -0.64E-01     0.65E-01     0.13E-02
    -0.42E-01     0.42E-01    -0.11E-03
 
 
    >>Objective:       8.3136       0.0123       8.3259
    >>Robustness factor:       0.0133
    8  0.8325903E+01  0.5379932E-02  0.1289414E-02  0.9483956E-01  0.1187980E-05
 
    >>Normalized Constraint Values:
    -0.22E-02     0.22E-02    -0.14E-04
    -0.72E+00     0.85E-02    -0.71E+00
    -0.11E+01     0.40E-01    -0.11E+01
    -0.20E+01     0.22E-02    -0.20E+01
    -0.13E+01     0.85E-02    -0.13E+01
    -0.86E+00     0.40E-01    -0.82E+00
    -0.64E-01     0.65E-01     0.73E-03
    -0.42E-01     0.42E-01    -0.13E-03
 
 
    >>Objective:       8.3197       0.0123       8.3321
    >>Robustness factor:       0.0133
    9  0.8332051E+01  0.4618296E-02  0.7330376E-03  0.6837774E-01  0.2382469E-07
 
    >>Normalized Constraint Values:
    -0.22E-02     0.22E-02     0.64E-05
    -0.72E+00     0.85E-02    -0.71E+00
    -0.11E+01     0.40E-01    -0.11E+01
    -0.20E+01     0.22E-02    -0.20E+01
    -0.13E+01     0.85E-02    -0.13E+01
    -0.86E+00     0.40E-01    -0.82E+00
    -0.64E-01     0.65E-01     0.61E-03
    -0.42E-01     0.42E-01    -0.30E-03
 
 
    >>Objective:       8.3223       0.0123       8.3346
    >>Robustness factor:       0.0133
 
    >>Normalized Constraint Values:
    -0.22E-02     0.22E-02    -0.75E-05
    -0.72E+00     0.85E-02    -0.71E+00
    -0.11E+01     0.40E-01    -0.11E+01
    -0.20E+01     0.22E-02    -0.20E+01
    -0.13E+01     0.85E-02    -0.13E+01
    -0.86E+00     0.40E-01    -0.82E+00
    -0.64E-01     0.65E-01     0.18E-03
    -0.42E-01     0.42E-01     0.52E-04
 
 
    >>Objective:       8.3224       0.0122       8.3346
    >>Robustness factor:       0.0133
   10  0.8334582E+01  0.5868462E-02  0.1778979E-03  0.1121116E+00  0.3838706E-08
 
    >>Normalized Constraint Values:
    -0.22E-02     0.22E-02     0.15E-04
    -0.72E+00     0.85E-02    -0.71E+00
    -0.11E+01     0.40E-01    -0.11E+01
    -0.20E+01     0.22E-02    -0.20E+01
    -0.13E+01     0.85E-02    -0.13E+01
    -0.86E+00     0.40E-01    -0.82E+00
    -0.65E-01     0.65E-01    -0.16E-03
    -0.42E-01     0.42E-01     0.12E-03
 
 
    >>Objective:       8.3239       0.0122       8.3360
    >>Robustness factor:       0.0132
 
    >>Normalized Constraint Values:
    -0.22E-02     0.22E-02    -0.47E-05
    -0.72E+00     0.85E-02    -0.71E+00
    -0.11E+01     0.40E-01    -0.11E+01
    -0.20E+01     0.22E-02    -0.20E+01
    -0.13E+01     0.85E-02    -0.13E+01
    -0.86E+00     0.40E-01    -0.82E+00
    -0.65E-01     0.65E-01     0.21E-04
    -0.42E-01     0.42E-01     0.14E-03
 
 
    >>Objective:       8.3244       0.0124       8.3368
    >>Robustness factor:       0.0134
   11  0.8336782E+01  0.1271849E-02  0.1378670E-03  0.1259848E-01  0.5665653E-10
 
    >>Normalized Constraint Values:
    -0.22E-02     0.22E-02    -0.88E-05
    -0.72E+00     0.86E-02    -0.71E+00
    -0.11E+01     0.40E-01    -0.11E+01
    -0.20E+01     0.22E-02    -0.20E+01
    -0.13E+01     0.85E-02    -0.13E+01
    -0.86E+00     0.40E-01    -0.82E+00
    -0.65E-01     0.65E-01     0.74E-04
    -0.42E-01     0.42E-01    -0.25E-03
 
 
    >>Objective:       8.3261       0.0124       8.3385
    >>Robustness factor:       0.0134
 
    >>Normalized Constraint Values:
    -0.22E-02     0.22E-02     0.23E-05
    -0.72E+00     0.86E-02    -0.71E+00
    -0.11E+01     0.40E-01    -0.11E+01
    -0.20E+01     0.22E-02    -0.20E+01
    -0.13E+01     0.86E-02    -0.13E+01
    -0.86E+00     0.40E-01    -0.82E+00
    -0.65E-01     0.65E-01    -0.10E-03
    -0.42E-01     0.42E-01     0.21E-03
 
 
    >>Objective:       8.3236       0.0122       8.3358
    >>Robustness factor:       0.0133
   12  0.8335786E+01  0.1284391E-02  0.2127692E-03  0.7122277E-02  0.1000000E-10
 
    >>Normalized Constraint Values:
    -0.22E-02     0.22E-02     0.84E-05
    -0.72E+00     0.85E-02    -0.71E+00
    -0.11E+01     0.40E-01    -0.11E+01
    -0.20E+01     0.22E-02    -0.20E+01
    -0.13E+01     0.86E-02    -0.13E+01
    -0.86E+00     0.40E-01    -0.82E+00
    -0.64E-01     0.65E-01     0.45E-03
    -0.42E-01     0.42E-01    -0.25E-03
 
 
    >>Objective:       8.3255       0.0125       8.3380
    >>Robustness factor:       0.0134
 
    >>Normalized Constraint Values:
    -0.22E-02     0.22E-02    -0.13E-04
    -0.72E+00     0.85E-02    -0.71E+00
    -0.11E+01     0.40E-01    -0.11E+01
    -0.20E+01     0.22E-02    -0.20E+01
    -0.13E+01     0.85E-02    -0.13E+01
    -0.86E+00     0.40E-01    -0.82E+00
    -0.65E-01     0.65E-01    -0.15E-03
    -0.42E-01     0.42E-01    -0.69E-04
 
 
    >>Objective:       8.3252       0.0125       8.3377
    >>Robustness factor:       0.0134
   13  0.8337699E+01  0.6776057E-03  0.1473320E-03  0.7466234E-02  0.1000000E-10
 
 The solution was found.
 
 The final value of the objective function is    8.33769887146079     
 
 The optimal values of X are:
 
 X  (           1 ) =    3.97616564672176      in^2
 X  (           2 ) =   0.000000000000000E+000 in^2
 X  (           3 ) =    1.74129647514333      in^2
 X  (           4 ) =    48.4439226113181      deg
 X  (           5 ) =    62.2200145357719      deg
 X  (           6 ) =    144.618355189540      deg
 
 The multipliers for the equality constraints are:
 
 LAM(           1 ) =    2.63828078817147     
 LAM(           2 ) =   1.408873555743932E-011
 LAM(           3 ) =   9.101355999708458E-012
 LAM(           4 ) =   5.010933522384721E-012
 LAM(           5 ) =   7.854494120855343E-012
 LAM(           6 ) =   1.217673726034358E-011
 LAM(           7 ) =    5.75623886150101     
 LAM(           8 ) =    11.5865372849025     
 
 Weight and its variance:   8.32523436353181       1.246450792898202E-002
