 
    >>Normalized Constraint Values:
     0.18E+01     0.52E-01     0.20E+01
    -0.59E+00     0.11E-01    -0.54E+00
    -0.22E+01     0.27E-01    -0.21E+01
    -0.38E+01     0.52E-01    -0.36E+01
    -0.14E+01     0.11E-01    -0.14E+01
     0.17E+00     0.27E-01     0.28E+00
     0.66E+00     0.52E-01     0.87E+00
     0.30E+01     0.68E-01     0.33E+01
 
 
    >>Objective:       3.8299       0.0012       3.8311
    >>Robustness factor:       0.0091
 
 iter    objective      ||grad||        inf_pr          inf_du         lg(mu)
    0  0.3831099E+01  0.0000000E+00  0.3283208E+01  0.1000491E+01  0.1000000E+01
 
    >>Normalized Constraint Values:
     0.82E+00     0.72E-02     0.85E+00
    -0.52E+00     0.83E-02    -0.48E+00
    -0.15E+01     0.45E-01    -0.13E+01
    -0.28E+01     0.71E-02    -0.28E+01
    -0.15E+01     0.83E-02    -0.15E+01
    -0.49E+00     0.45E-01    -0.31E+00
     0.42E+00     0.72E-01     0.71E+00
     0.10E+01     0.62E-01     0.12E+01
 
 
    >>Objective:       4.9543       0.0057       4.9600
    >>Robustness factor:       0.0152
    1  0.4959964E+01  0.2270020E+01  0.1630402E+01  0.5731673E+01  0.3853647E+00
 
    >>Normalized Constraint Values:
     0.68E+00     0.76E-02     0.71E+00
    -0.54E+00     0.10E-01    -0.50E+00
    -0.13E+01     0.37E-01    -0.12E+01
    -0.27E+01     0.76E-02    -0.27E+01
    -0.15E+01     0.10E-01    -0.14E+01
    -0.66E+00     0.37E-01    -0.51E+00
     0.43E+00     0.59E-01     0.67E+00
     0.78E+00     0.41E-01     0.95E+00
 
 
    >>Objective:       5.4239       0.0048       5.4287
    >>Robustness factor:       0.0128
    2  0.5428732E+01  0.1012011E+01  0.1068483E+01  0.2323610E+01  0.6264913E+00
 
    >>Normalized Constraint Values:
     0.36E+00     0.49E-02     0.38E+00
    -0.66E+00     0.46E-02    -0.64E+00
    -0.13E+01     0.37E-01    -0.12E+01
    -0.24E+01     0.49E-02    -0.23E+01
    -0.13E+01     0.46E-02    -0.13E+01
    -0.66E+00     0.37E-01    -0.51E+00
    -0.58E-01     0.37E-01     0.92E-01
     0.56E+00     0.47E-01     0.74E+00
 
 
    >>Objective:       6.4442       0.0048       6.4490
    >>Robustness factor:       0.0108
    3  0.6449044E+01  0.2108321E+01  0.7496616E+00  0.6980313E+01  0.2263979E+00
 
    >>Normalized Constraint Values:
     0.23E+00     0.45E-02     0.24E+00
    -0.70E+00     0.44E-02    -0.68E+00
    -0.13E+01     0.26E-01    -0.12E+01
    -0.22E+01     0.44E-02    -0.22E+01
    -0.13E+01     0.44E-02    -0.13E+01
    -0.72E+00     0.26E-01    -0.62E+00
    -0.96E-01     0.29E-01     0.20E-01
     0.31E+00     0.36E-01     0.46E+00
 
 
    >>Objective:       8.0944       0.0099       8.1043
    >>Robustness factor:       0.0123
    4  0.8104340E+01  0.2016938E+01  0.4689491E+00  0.2910926E+01  0.1788263E+00
 
    >>Normalized Constraint Values:
     0.85E-01     0.43E-02     0.10E+00
    -0.73E+00     0.35E-02    -0.71E+00
    -0.12E+01     0.18E-01    -0.12E+01
    -0.21E+01     0.43E-02    -0.21E+01
    -0.13E+01     0.35E-02    -0.13E+01
    -0.77E+00     0.18E-01    -0.70E+00
    -0.15E+00     0.23E-01    -0.59E-01
     0.60E-01     0.27E-01     0.17E+00
 
 
    >>Objective:      11.3065       0.0383      11.3448
    >>Robustness factor:       0.0173
    5  0.1134479E+02  0.1799542E+01  0.1696302E+00  0.4960782E+01  0.7625060E-01
 
    >>Normalized Constraint Values:
    -0.13E-01     0.38E-02     0.26E-02
    -0.75E+00     0.32E-02    -0.74E+00
    -0.12E+01     0.14E-01    -0.11E+01
    -0.20E+01     0.38E-02    -0.20E+01
    -0.13E+01     0.32E-02    -0.12E+01
    -0.82E+00     0.14E-01    -0.77E+00
    -0.20E+00     0.19E-01    -0.12E+00
    -0.78E-01     0.22E-01     0.92E-02
 
 
    >>Objective:      13.4425       0.0535      13.4959
    >>Robustness factor:       0.0172
    6  0.1349595E+02  0.1050308E+01  0.1166605E+00  0.1769223E+01  0.3838944E-01
 
    >>Normalized Constraint Values:
    -0.16E-01     0.26E-02    -0.55E-02
    -0.74E+00     0.43E-02    -0.72E+00
    -0.11E+01     0.16E-01    -0.11E+01
    -0.20E+01     0.26E-02    -0.20E+01
    -0.13E+01     0.43E-02    -0.12E+01
    -0.86E+00     0.16E-01    -0.80E+00
    -0.16E+00     0.26E-01    -0.55E-01
    -0.74E-01     0.21E-01     0.97E-02
 
 
    >>Objective:      12.0387       0.0305      12.0692
    >>Robustness factor:       0.0145
    7  0.1206919E+02  0.6413472E+00  0.5342411E-01  0.9592287E+01  0.1633723E-01
 
    >>Normalized Constraint Values:
    -0.12E-01     0.25E-02    -0.18E-02
    -0.74E+00     0.51E-02    -0.71E+00
    -0.11E+01     0.19E-01    -0.11E+01
    -0.20E+01     0.25E-02    -0.20E+01
    -0.13E+01     0.51E-02    -0.12E+01
    -0.85E+00     0.19E-01    -0.78E+00
    -0.14E+00     0.32E-01    -0.14E-01
    -0.76E-01     0.23E-01     0.15E-01
 
 
    >>Objective:      11.3277       0.0287      11.3564
    >>Robustness factor:       0.0150
    8  0.1135638E+02  0.6169328E+00  0.1464577E-01  0.3068110E+01  0.1743231E-02
 
    >>Normalized Constraint Values:
    -0.13E-01     0.26E-02    -0.24E-02
    -0.73E+00     0.52E-02    -0.71E+00
    -0.12E+01     0.19E-01    -0.11E+01
    -0.20E+01     0.26E-02    -0.20E+01
    -0.13E+01     0.52E-02    -0.12E+01
    -0.85E+00     0.19E-01    -0.77E+00
    -0.13E+00     0.33E-01    -0.81E-03
    -0.90E-01     0.24E-01     0.43E-02
 
 
    >>Objective:      11.4395       0.0328      11.4722
    >>Robustness factor:       0.0158
    9  0.1147222E+02  0.7806503E-01  0.4375472E-02  0.1320992E+01  0.1436487E-02
 
    >>Normalized Constraint Values:
    -0.12E-01     0.26E-02    -0.20E-02
    -0.73E+00     0.52E-02    -0.71E+00
    -0.11E+01     0.19E-01    -0.11E+01
    -0.20E+01     0.26E-02    -0.20E+01
    -0.13E+01     0.52E-02    -0.12E+01
    -0.85E+00     0.19E-01    -0.78E+00
    -0.13E+00     0.33E-01     0.42E-02
    -0.93E-01     0.23E-01    -0.15E-02
 
 
    >>Objective:      11.5198       0.0327      11.5525
    >>Robustness factor:       0.0157
   10  0.1155246E+02  0.7040527E-01  0.4260734E-02  0.7089878E+00  0.2550648E-03
 
    >>Normalized Constraint Values:
    -0.11E-01     0.26E-02    -0.10E-02
    -0.73E+00     0.52E-02    -0.71E+00
    -0.11E+01     0.19E-01    -0.11E+01
    -0.20E+01     0.26E-02    -0.20E+01
    -0.13E+01     0.52E-02    -0.12E+01
    -0.85E+00     0.19E-01    -0.78E+00
    -0.13E+00     0.33E-01     0.25E-02
    -0.92E-01     0.23E-01     0.18E-03
 
 
    >>Objective:      11.5277       0.0332      11.5610
    >>Robustness factor:       0.0158
   11  0.1156095E+02  0.5443649E-02  0.2462775E-02  0.9375621E-01  0.7318623E-05
 
    >>Normalized Constraint Values:
    -0.11E-01     0.26E-02    -0.27E-03
    -0.73E+00     0.52E-02    -0.71E+00
    -0.11E+01     0.19E-01    -0.11E+01
    -0.20E+01     0.26E-02    -0.20E+01
    -0.13E+01     0.52E-02    -0.12E+01
    -0.85E+00     0.19E-01    -0.78E+00
    -0.13E+00     0.33E-01     0.33E-02
    -0.92E-01     0.23E-01    -0.21E-03
 
 
    >>Objective:      11.5577       0.0335      11.5912
    >>Robustness factor:       0.0158
 
    >>Normalized Constraint Values:
    -0.11E-01     0.26E-02    -0.12E-04
    -0.73E+00     0.52E-02    -0.71E+00
    -0.11E+01     0.19E-01    -0.11E+01
    -0.20E+01     0.26E-02    -0.20E+01
    -0.13E+01     0.52E-02    -0.12E+01
    -0.85E+00     0.19E-01    -0.78E+00
    -0.13E+00     0.33E-01     0.19E-02
    -0.92E-01     0.23E-01    -0.16E-03
 
 
    >>Objective:      11.5856       0.0342      11.6197
    >>Robustness factor:       0.0160
   12  0.1161972E+02  0.1635576E-01  0.1898639E-02  0.1056120E+00  0.1138316E-06
 
    >>Normalized Constraint Values:
    -0.11E-01     0.26E-02     0.13E-05
    -0.73E+00     0.52E-02    -0.71E+00
    -0.11E+01     0.19E-01    -0.11E+01
    -0.20E+01     0.26E-02    -0.20E+01
    -0.13E+01     0.52E-02    -0.12E+01
    -0.85E+00     0.19E-01    -0.78E+00
    -0.13E+00     0.33E-01     0.78E-03
    -0.92E-01     0.23E-01    -0.41E-03
 
 
    >>Objective:      11.6021       0.0341      11.6362
    >>Robustness factor:       0.0159
   13  0.1163620E+02  0.1363014E-01  0.7761824E-03  0.1341616E+00  0.1348534E-07
 
    >>Normalized Constraint Values:
    -0.11E-01     0.26E-02     0.22E-06
    -0.73E+00     0.52E-02    -0.71E+00
    -0.11E+01     0.19E-01    -0.11E+01
    -0.20E+01     0.26E-02    -0.20E+01
    -0.13E+01     0.52E-02    -0.12E+01
    -0.85E+00     0.19E-01    -0.78E+00
    -0.13E+00     0.33E-01    -0.26E-04
    -0.92E-01     0.23E-01     0.56E-04
 
 
    >>Objective:      11.6010       0.0341      11.6351
    >>Robustness factor:       0.0159
   14  0.1163508E+02  0.8116101E-03  0.5565333E-04  0.3173048E-01  0.2855671E-06
 
 The solution was found.
 
 The final value of the objective function is    11.6350806184947     
 
 The optimal values of X are:
 
 X  (           1 ) =    3.97380648447403      in^2
 X  (           2 ) =   8.814172801661985E-008 in^2
 X  (           3 ) =    3.68889922582969      in^2
 X  (           4 ) =    52.9176676780179      deg
 X  (           5 ) =    67.5771665133759      deg
 X  (           6 ) =    146.093101809475      deg
 
 The multipliers for the equality constraints are:
 
 LAM(           1 ) =   0.146801974942295     
 LAM(           2 ) =   4.003547464748314E-007
 LAM(           3 ) =   2.657589764205810E-007
 LAM(           4 ) =   1.443034495521158E-007
 LAM(           5 ) =   2.293674418493983E-007
 LAM(           6 ) =   3.680839400568022E-007
 LAM(           7 ) =    10.6690001751772     
 LAM(           8 ) =    22.8861970971605     
 
 Weight and its variance:   11.6010150368605       3.406558163419504E-002
