 
    >>Normalized Constraint Values:
     0.18E+01     0.52E-01     0.20E+01
    -0.59E+00     0.11E-01    -0.55E+00
    -0.22E+01     0.27E-01    -0.21E+01
    -0.38E+01     0.52E-01    -0.37E+01
    -0.14E+01     0.11E-01    -0.14E+01
     0.17E+00     0.27E-01     0.25E+00
     0.66E+00     0.52E-01     0.81E+00
     0.30E+01     0.68E-01     0.32E+01
 
 
    >>Objective:       3.8299       0.0012       3.8311
    >>Robustness factor:       0.0091
 
 iter    objective      ||grad||        inf_pr          inf_du         lg(mu)
    0  0.3831098E+01  0.0000000E+00  0.3215874E+01  0.1038034E+01  0.1000000E+01
 
    >>Normalized Constraint Values:
     0.81E+00     0.76E-02     0.84E+00
    -0.54E+00     0.73E-02    -0.51E+00
    -0.16E+01     0.46E-01    -0.15E+01
    -0.28E+01     0.76E-02    -0.28E+01
    -0.15E+01     0.73E-02    -0.14E+01
    -0.38E+00     0.47E-01    -0.24E+00
     0.25E+00     0.67E-01     0.45E+00
     0.11E+01     0.69E-01     0.14E+01
 
 
    >>Objective:       4.8420       0.0052       4.8472
    >>Robustness factor:       0.0150
    1  0.4847241E+01  0.2214456E+01  0.1690083E+01  0.5712342E+01  0.3369227E+00
 
    >>Normalized Constraint Values:
     0.70E+00     0.79E-02     0.72E+00
    -0.55E+00     0.89E-02    -0.52E+00
    -0.14E+01     0.38E-01    -0.13E+01
    -0.27E+01     0.79E-02    -0.27E+01
    -0.15E+01     0.89E-02    -0.14E+01
    -0.61E+00     0.38E-01    -0.49E+00
     0.37E+00     0.56E-01     0.53E+00
     0.84E+00     0.45E-01     0.98E+00
 
 
    >>Objective:       5.3026       0.0044       5.3070
    >>Robustness factor:       0.0126
    2  0.5307016E+01  0.9794438E+00  0.1192429E+01  0.2641515E+01  0.5990256E+00
 
    >>Normalized Constraint Values:
     0.33E+00     0.67E-02     0.35E+00
    -0.68E+00     0.33E-02    -0.67E+00
    -0.14E+01     0.35E-01    -0.13E+01
    -0.23E+01     0.67E-02    -0.23E+01
    -0.13E+01     0.33E-02    -0.13E+01
    -0.59E+00     0.35E-01    -0.48E+00
    -0.16E+00     0.28E-01    -0.80E-01
     0.64E+00     0.50E-01     0.79E+00
 
 
    >>Objective:       6.5335       0.0044       6.5379
    >>Robustness factor:       0.0101
    3  0.6537888E+01  0.2028456E+01  0.7884049E+00  0.9690448E+01  0.3811290E+00
 
    >>Normalized Constraint Values:
     0.13E+00     0.48E-02     0.15E+00
    -0.73E+00     0.40E-02    -0.71E+00
    -0.13E+01     0.23E-01    -0.12E+01
    -0.21E+01     0.48E-02    -0.21E+01
    -0.13E+01     0.40E-02    -0.13E+01
    -0.72E+00     0.23E-01    -0.65E+00
    -0.19E+00     0.23E-01    -0.12E+00
     0.24E+00     0.33E-01     0.34E+00
 
 
    >>Objective:       8.8307       0.0116       8.8423
    >>Robustness factor:       0.0122
    4  0.8842310E+01  0.1523281E+01  0.3749612E+00  0.3229600E+01  0.2965214E+00
 
    >>Normalized Constraint Values:
     0.54E-01     0.37E-02     0.66E-01
    -0.73E+00     0.26E-02    -0.72E+00
    -0.12E+01     0.20E-01    -0.12E+01
    -0.21E+01     0.37E-02    -0.20E+01
    -0.13E+01     0.26E-02    -0.13E+01
    -0.77E+00     0.20E-01    -0.71E+00
    -0.19E+00     0.25E-01    -0.12E+00
     0.81E-01     0.28E-01     0.17E+00
 
 
    >>Objective:      10.1235       0.0202      10.1437
    >>Robustness factor:       0.0140
    5  0.1014371E+02  0.6655598E+00  0.1663432E+00  0.5909649E+01  0.1047161E+00
 
    >>Normalized Constraint Values:
    -0.22E-01     0.28E-02    -0.13E-01
    -0.74E+00     0.40E-02    -0.73E+00
    -0.12E+01     0.18E-01    -0.11E+01
    -0.20E+01     0.28E-02    -0.20E+01
    -0.13E+01     0.40E-02    -0.12E+01
    -0.83E+00     0.18E-01    -0.78E+00
    -0.18E+00     0.27E-01    -0.10E+00
    -0.61E-01     0.23E-01     0.80E-02
 
 
    >>Objective:      11.4414       0.0283      11.4697
    >>Robustness factor:       0.0147
    6  0.1146969E+02  0.4492018E+00  0.9707302E-01  0.2961197E+01  0.3758306E-01
 
    >>Normalized Constraint Values:
    -0.11E-01     0.21E-02    -0.45E-02
    -0.73E+00     0.51E-02    -0.72E+00
    -0.11E+01     0.20E-01    -0.11E+01
    -0.20E+01     0.21E-02    -0.20E+01
    -0.13E+01     0.51E-02    -0.13E+01
    -0.86E+00     0.20E-01    -0.80E+00
    -0.13E+00     0.34E-01    -0.33E-01
    -0.61E-01     0.23E-01     0.86E-02
 
 
    >>Objective:      10.7479       0.0222      10.7700
    >>Robustness factor:       0.0138
    7  0.1077003E+02  0.5906187E+00  0.3099468E-01  0.6928800E+01  0.1419841E-01
 
    >>Normalized Constraint Values:
    -0.12E-01     0.25E-02    -0.46E-02
    -0.74E+00     0.49E-02    -0.72E+00
    -0.12E+01     0.23E-01    -0.11E+01
    -0.20E+01     0.25E-02    -0.20E+01
    -0.13E+01     0.49E-02    -0.12E+01
    -0.83E+00     0.23E-01    -0.77E+00
    -0.14E+00     0.38E-01    -0.27E-01
    -0.62E-01     0.27E-01     0.20E-01
 
 
    >>Objective:      10.3835       0.0237      10.4072
    >>Robustness factor:       0.0148
    8  0.1040718E+02  0.4512382E+00  0.2633052E-01  0.1161085E+01  0.2343567E-02
 
    >>Normalized Constraint Values:
    -0.16E-01     0.22E-02    -0.98E-02
    -0.73E+00     0.56E-02    -0.71E+00
    -0.11E+01     0.22E-01    -0.11E+01
    -0.20E+01     0.22E-02    -0.20E+01
    -0.13E+01     0.56E-02    -0.13E+01
    -0.86E+00     0.22E-01    -0.79E+00
    -0.12E+00     0.38E-01    -0.99E-02
    -0.76E-01     0.25E-01    -0.56E-03
 
 
    >>Objective:      10.4837       0.0226      10.5063
    >>Robustness factor:       0.0143
    9  0.1050632E+02  0.8996904E-01  0.8980528E-02  0.4114608E+00  0.8368445E-02
 
    >>Normalized Constraint Values:
    -0.97E-02     0.23E-02    -0.29E-02
    -0.73E+00     0.58E-02    -0.71E+00
    -0.11E+01     0.23E-01    -0.11E+01
    -0.20E+01     0.23E-02    -0.20E+01
    -0.13E+01     0.58E-02    -0.13E+01
    -0.86E+00     0.23E-01    -0.79E+00
    -0.11E+00     0.40E-01     0.93E-02
    -0.75E-01     0.26E-01     0.22E-02
 
 
    >>Objective:      10.3731       0.0226      10.3957
    >>Robustness factor:       0.0145
   10  0.1039567E+02  0.8193231E-01  0.9390785E-02  0.3260475E+00  0.3236846E-03
 
    >>Normalized Constraint Values:
    -0.72E-02     0.24E-02     0.10E-04
    -0.73E+00     0.59E-02    -0.71E+00
    -0.11E+01     0.23E-01    -0.11E+01
    -0.20E+01     0.24E-02    -0.20E+01
    -0.13E+01     0.59E-02    -0.13E+01
    -0.85E+00     0.23E-01    -0.78E+00
    -0.11E+00     0.40E-01     0.12E-01
    -0.78E-01     0.26E-01    -0.71E-03
 
 
    >>Objective:      10.4916       0.0244      10.5160
    >>Robustness factor:       0.0149
   11  0.1051605E+02  0.3146734E-01  0.1183751E-01  0.5108047E+00  0.3940691E-03
 
    >>Normalized Constraint Values:
    -0.73E-02     0.24E-02    -0.32E-04
    -0.73E+00     0.57E-02    -0.71E+00
    -0.11E+01     0.22E-01    -0.11E+01
    -0.20E+01     0.24E-02    -0.20E+01
    -0.13E+01     0.57E-02    -0.13E+01
    -0.85E+00     0.22E-01    -0.79E+00
    -0.11E+00     0.39E-01     0.57E-02
    -0.78E-01     0.25E-01    -0.17E-02
 
 
    >>Objective:      10.5811       0.0250      10.6061
    >>Robustness factor:       0.0149
   12  0.1060613E+02  0.6568218E-01  0.5722949E-02  0.2071544E+00  0.2075547E-04
 
    >>Normalized Constraint Values:
    -0.72E-02     0.24E-02     0.58E-05
    -0.73E+00     0.56E-02    -0.71E+00
    -0.11E+01     0.22E-01    -0.11E+01
    -0.20E+01     0.24E-02    -0.20E+01
    -0.13E+01     0.56E-02    -0.13E+01
    -0.85E+00     0.22E-01    -0.79E+00
    -0.11E+00     0.38E-01     0.17E-02
    -0.76E-01     0.25E-01    -0.59E-03
 
 
    >>Objective:      10.6002       0.0249      10.6250
    >>Robustness factor:       0.0149
   13  0.1062504E+02  0.2386182E-01  0.1742325E-02  0.5359789E-01  0.3668677E-05
 
    >>Normalized Constraint Values:
    -0.72E-02     0.24E-02    -0.40E-05
    -0.73E+00     0.56E-02    -0.71E+00
    -0.11E+01     0.22E-01    -0.11E+01
    -0.20E+01     0.24E-02    -0.20E+01
    -0.13E+01     0.56E-02    -0.13E+01
    -0.85E+00     0.22E-01    -0.79E+00
    -0.11E+00     0.38E-01     0.36E-03
    -0.76E-01     0.25E-01     0.16E-03
 
 
    >>Objective:      10.6044       0.0249      10.6293
    >>Robustness factor:       0.0149
   14  0.1062932E+02  0.3637456E-02  0.3634994E-03  0.1242560E-01  0.7383424E-07
 
    >>Normalized Constraint Values:
    -0.72E-02     0.24E-02    -0.24E-06
    -0.73E+00     0.56E-02    -0.71E+00
    -0.11E+01     0.22E-01    -0.11E+01
    -0.20E+01     0.24E-02    -0.20E+01
    -0.13E+01     0.56E-02    -0.13E+01
    -0.85E+00     0.22E-01    -0.79E+00
    -0.11E+00     0.38E-01     0.46E-03
    -0.76E-01     0.25E-01    -0.29E-03
 
 
    >>Objective:      10.6108       0.0250      10.6358
    >>Robustness factor:       0.0149
 
    >>Normalized Constraint Values:
    -0.72E-02     0.24E-02    -0.50E-06
    -0.73E+00     0.55E-02    -0.71E+00
    -0.11E+01     0.22E-01    -0.11E+01
    -0.20E+01     0.24E-02    -0.20E+01
    -0.13E+01     0.55E-02    -0.13E+01
    -0.85E+00     0.22E-01    -0.79E+00
    -0.11E+00     0.38E-01     0.70E-04
    -0.76E-01     0.25E-01     0.15E-04
 
 
    >>Objective:      10.6094       0.0248      10.6342
    >>Robustness factor:       0.0149
   15  0.1063421E+02  0.3323591E-02  0.7031305E-04  0.2035717E-01  0.1733111E-08
 
    >>Normalized Constraint Values:
    -0.72E-02     0.24E-02    -0.50E-05
    -0.73E+00     0.56E-02    -0.71E+00
    -0.11E+01     0.22E-01    -0.11E+01
    -0.20E+01     0.24E-02    -0.20E+01
    -0.13E+01     0.56E-02    -0.13E+01
    -0.85E+00     0.22E-01    -0.79E+00
    -0.11E+00     0.38E-01    -0.72E-04
    -0.76E-01     0.25E-01     0.77E-04
 
 
    >>Objective:      10.6103       0.0249      10.6352
    >>Robustness factor:       0.0149
 
    >>Normalized Constraint Values:
    -0.72E-02     0.24E-02    -0.18E-05
    -0.73E+00     0.56E-02    -0.71E+00
    -0.11E+01     0.22E-01    -0.11E+01
    -0.20E+01     0.24E-02    -0.20E+01
    -0.13E+01     0.56E-02    -0.13E+01
    -0.85E+00     0.22E-01    -0.79E+00
    -0.11E+00     0.38E-01     0.43E-04
    -0.76E-01     0.25E-01     0.41E-05
 
 
    >>Objective:      10.6111       0.0250      10.6362
    >>Robustness factor:       0.0149
   16  0.1063617E+02  0.7905726E-03  0.4329211E-04  0.6543184E-02  0.7457318E-10
 
 The solution was found.
 
 The final value of the objective function is    10.6361662840047     
 
 The optimal values of X are:
 
 X  (           1 ) =    3.97043532502048      in^2
 X  (           2 ) =   0.000000000000000E+000 in^2
 X  (           3 ) =    3.13194347576240      in^2
 X  (           4 ) =    51.6321193832395      deg
 X  (           5 ) =    64.2702374995538      deg
 X  (           6 ) =    145.580981978230      deg
 
 The multipliers for the equality constraints are:
 
 LAM(           1 ) =   0.473247661336066     
 LAM(           2 ) =   1.046879335582089E-010
 LAM(           3 ) =   6.896624147985095E-011
 LAM(           4 ) =   3.755152863566063E-011
 LAM(           5 ) =   5.949990278434993E-011
 LAM(           6 ) =   9.471863624502230E-011
 LAM(           7 ) =    9.12617087982926     
 LAM(           8 ) =    19.7567366074124     
 
 Weight and its variance:   10.6111494107077       2.501687329696267E-002
