 
    >>Normalized Constraint Values:
     0.18E+01     0.52E-01     0.19E+01
    -0.59E+00     0.11E-01    -0.56E+00
    -0.22E+01     0.27E-01    -0.21E+01
    -0.38E+01     0.52E-01    -0.37E+01
    -0.14E+01     0.11E-01    -0.14E+01
     0.17E+00     0.27E-01     0.22E+00
     0.66E+00     0.52E-01     0.76E+00
     0.30E+01     0.67E-01     0.31E+01
 
 
    >>Objective:       3.8299       0.0012       3.8311
    >>Robustness factor:       0.0091
 
 iter    objective      ||grad||        inf_pr          inf_du         lg(mu)
    0  0.3831101E+01  0.0000000E+00  0.3147895E+01  0.1079453E+01  0.1000000E+01
 
    >>Normalized Constraint Values:
     0.81E+00     0.82E-02     0.83E+00
    -0.56E+00     0.67E-02    -0.54E+00
    -0.17E+01     0.49E-01    -0.16E+01
    -0.28E+01     0.82E-02    -0.28E+01
    -0.14E+01     0.67E-02    -0.14E+01
    -0.27E+00     0.49E-01    -0.18E+00
     0.97E-01     0.62E-01     0.22E+00
     0.13E+01     0.77E-01     0.15E+01
 
 
    >>Objective:       4.7386       0.0048       4.7434
    >>Robustness factor:       0.0147
    1  0.4743446E+01  0.2161295E+01  0.1754421E+01  0.5833458E+01  0.2938092E+00
 
    >>Normalized Constraint Values:
     0.72E+00     0.83E-02     0.74E+00
    -0.56E+00     0.75E-02    -0.54E+00
    -0.15E+01     0.41E-01    -0.14E+01
    -0.27E+01     0.83E-02    -0.27E+01
    -0.14E+01     0.75E-02    -0.14E+01
    -0.51E+00     0.41E-01    -0.43E+00
     0.27E+00     0.52E-01     0.37E+00
     0.95E+00     0.51E-01     0.11E+01
 
 
    >>Objective:       5.1187       0.0040       5.1227
    >>Robustness factor:       0.0124
    2  0.5122682E+01  0.9363631E+00  0.1321410E+01  0.2729156E+01  0.5757959E+00
 
    >>Normalized Constraint Values:
     0.30E+00     0.72E-02     0.31E+00
    -0.69E+00     0.30E-02    -0.69E+00
    -0.15E+01     0.33E-01    -0.14E+01
    -0.23E+01     0.72E-02    -0.23E+01
    -0.13E+01     0.30E-02    -0.13E+01
    -0.54E+00     0.33E-01    -0.47E+00
    -0.23E+00     0.23E-01    -0.18E+00
     0.65E+00     0.51E-01     0.75E+00
 
 
    >>Objective:       6.7528       0.0048       6.7576
    >>Robustness factor:       0.0103
    3  0.6757565E+01  0.1762571E+01  0.7509949E+00  0.9359411E+01  0.4142348E+00
 
    >>Normalized Constraint Values:
     0.32E-01     0.40E-02     0.40E-01
    -0.75E+00     0.42E-02    -0.74E+00
    -0.13E+01     0.21E-01    -0.12E+01
    -0.20E+01     0.40E-02    -0.20E+01
    -0.13E+01     0.42E-02    -0.12E+01
    -0.74E+00     0.21E-01    -0.70E+00
    -0.23E+00     0.25E-01    -0.18E+00
     0.90E-01     0.30E-01     0.15E+00
 
 
    >>Objective:      10.1096       0.0227      10.1323
    >>Robustness factor:       0.0149
    4  0.1013232E+02  0.1051790E+01  0.2008925E+00  0.1250865E+02  0.2253316E+00
 
    >>Normalized Constraint Values:
    -0.35E-02     0.29E-02     0.24E-02
    -0.74E+00     0.42E-02    -0.74E+00
    -0.12E+01     0.22E-01    -0.12E+01
    -0.20E+01     0.29E-02    -0.20E+01
    -0.13E+01     0.43E-02    -0.12E+01
    -0.80E+00     0.22E-01    -0.75E+00
    -0.22E+00     0.29E-01    -0.16E+00
     0.33E-01     0.28E-01     0.88E-01
 
 
    >>Objective:       9.8494       0.0160       9.8654
    >>Robustness factor:       0.0128
    5  0.9865393E+01  0.4174415E+00  0.1459763E+00  0.7389692E+01  0.1370297E+00
 
    >>Normalized Constraint Values:
    -0.27E-01     0.19E-02    -0.23E-01
    -0.73E+00     0.72E-02    -0.72E+00
    -0.11E+01     0.24E-01    -0.11E+01
    -0.20E+01     0.19E-02    -0.20E+01
    -0.13E+01     0.72E-02    -0.13E+01
    -0.86E+00     0.24E-01    -0.81E+00
    -0.14E+00     0.40E-01    -0.57E-01
    -0.58E-01     0.26E-01    -0.64E-02
 
 
    >>Objective:       9.9098       0.0173       9.9271
    >>Robustness factor:       0.0133
    6  0.9927127E+01  0.2525426E+00  0.4133254E-01  0.4996676E+01  0.1089334E+00
 
    >>Normalized Constraint Values:
    -0.10E-01     0.17E-02    -0.67E-02
    -0.72E+00     0.77E-02    -0.71E+00
    -0.11E+01     0.29E-01    -0.11E+01
    -0.20E+01     0.16E-02    -0.20E+01
    -0.13E+01     0.77E-02    -0.13E+01
    -0.88E+00     0.29E-01    -0.82E+00
    -0.85E-01     0.48E-01     0.11E-01
    -0.51E-01     0.29E-01     0.59E-02
 
 
    >>Objective:       9.2267       0.0144       9.2411
    >>Robustness factor:       0.0130
    7  0.9241094E+01  0.4263046E+00  0.1622788E-01  0.5524155E+01  0.1259786E-01
 
    >>Normalized Constraint Values:
    -0.94E-02     0.25E-02    -0.45E-02
    -0.73E+00     0.63E-02    -0.72E+00
    -0.12E+01     0.32E-01    -0.11E+01
    -0.20E+01     0.25E-02    -0.20E+01
    -0.13E+01     0.63E-02    -0.13E+01
    -0.84E+00     0.32E-01    -0.77E+00
    -0.11E+00     0.53E-01    -0.67E-02
    -0.48E-01     0.36E-01     0.23E-01
 
 
    >>Objective:       9.1420       0.0164       9.1584
    >>Robustness factor:       0.0140
    8  0.9158428E+01  0.2530464E+00  0.2304679E-01  0.2176528E+01  0.3805665E-02
 
    >>Normalized Constraint Values:
    -0.22E-01     0.19E-02    -0.18E-01
    -0.73E+00     0.69E-02    -0.71E+00
    -0.11E+01     0.29E-01    -0.11E+01
    -0.20E+01     0.19E-02    -0.20E+01
    -0.13E+01     0.69E-02    -0.13E+01
    -0.86E+00     0.29E-01    -0.80E+00
    -0.11E+00     0.47E-01    -0.18E-01
    -0.62E-01     0.30E-01    -0.15E-02
 
 
    >>Objective:       9.3963       0.0159       9.4122
    >>Robustness factor:       0.0134
    9  0.9412212E+01  0.2068479E+00  0.1354300E-01  0.8996730E-01  0.3583112E-01
 
    >>Normalized Constraint Values:
    -0.35E-02     0.21E-02     0.63E-03
    -0.72E+00     0.75E-02    -0.71E+00
    -0.11E+01     0.30E-01    -0.11E+01
    -0.20E+01     0.21E-02    -0.20E+01
    -0.13E+01     0.75E-02    -0.13E+01
    -0.87E+00     0.30E-01    -0.81E+00
    -0.72E-01     0.51E-01     0.30E-01
    -0.60E-01     0.31E-01     0.27E-02
 
 
    >>Objective:       9.2004       0.0156       9.2160
    >>Robustness factor:       0.0136
   10  0.9216033E+01  0.1131293E+00  0.3083914E-01  0.9615078E+00  0.2122210E-02
 
    >>Normalized Constraint Values:
    -0.63E-02     0.24E-02    -0.14E-02
    -0.73E+00     0.63E-02    -0.72E+00
    -0.11E+01     0.29E-01    -0.11E+01
    -0.20E+01     0.24E-02    -0.20E+01
    -0.13E+01     0.63E-02    -0.13E+01
    -0.85E+00     0.29E-01    -0.79E+00
    -0.90E-01     0.50E-01     0.11E-01
    -0.65E-01     0.32E-01    -0.86E-03
 
 
    >>Objective:       9.4393       0.0180       9.4574
    >>Robustness factor:       0.0142
   11  0.9457387E+01  0.7847354E-01  0.1120593E-01  0.1338946E+01  0.1549850E-02
 
    >>Normalized Constraint Values:
    -0.67E-02     0.22E-02    -0.22E-02
    -0.73E+00     0.67E-02    -0.71E+00
    -0.11E+01     0.28E-01    -0.11E+01
    -0.20E+01     0.22E-02    -0.20E+01
    -0.13E+01     0.67E-02    -0.13E+01
    -0.86E+00     0.28E-01    -0.80E+00
    -0.92E-01     0.48E-01     0.44E-02
    -0.63E-01     0.31E-01    -0.15E-02
 
 
    >>Objective:       9.4900       0.0175       9.5075
    >>Robustness factor:       0.0139
   12  0.9507464E+01  0.7618486E-01  0.4802592E-02  0.3293825E+00  0.2779893E-02
 
    >>Normalized Constraint Values:
    -0.46E-02     0.22E-02    -0.14E-03
    -0.72E+00     0.68E-02    -0.71E+00
    -0.11E+01     0.28E-01    -0.11E+01
    -0.20E+01     0.22E-02    -0.20E+01
    -0.13E+01     0.68E-02    -0.13E+01
    -0.86E+00     0.28E-01    -0.80E+00
    -0.90E-01     0.48E-01     0.61E-02
    -0.61E-01     0.30E-01    -0.33E-03
 
 
    >>Objective:       9.4944       0.0174       9.5118
    >>Robustness factor:       0.0139
   13  0.9511819E+01  0.1393352E-01  0.6088094E-02  0.4633051E-01  0.2692731E-03
 
    >>Normalized Constraint Values:
    -0.45E-02     0.22E-02     0.42E-05
    -0.72E+00     0.67E-02    -0.71E+00
    -0.11E+01     0.28E-01    -0.11E+01
    -0.20E+01     0.22E-02    -0.20E+01
    -0.13E+01     0.67E-02    -0.13E+01
    -0.86E+00     0.28E-01    -0.80E+00
    -0.92E-01     0.48E-01     0.33E-02
    -0.61E-01     0.30E-01    -0.70E-03
 
 
    >>Objective:       9.5342       0.0177       9.5520
    >>Robustness factor:       0.0140
   14  0.9551956E+01  0.2355119E-01  0.3323830E-02  0.7145588E-01  0.5059325E-05
 
    >>Normalized Constraint Values:
    -0.45E-02     0.22E-02     0.24E-05
    -0.72E+00     0.67E-02    -0.71E+00
    -0.11E+01     0.28E-01    -0.11E+01
    -0.20E+01     0.22E-02    -0.20E+01
    -0.13E+01     0.67E-02    -0.13E+01
    -0.86E+00     0.28E-01    -0.80E+00
    -0.93E-01     0.47E-01     0.14E-02
    -0.60E-01     0.30E-01    -0.54E-03
 
 
    >>Objective:       9.5480       0.0178       9.5658
    >>Robustness factor:       0.0140
   15  0.9565806E+01  0.1272875E-01  0.1384246E-02  0.5308137E-01  0.5873551E-06
 
    >>Normalized Constraint Values:
    -0.44E-02     0.22E-02    -0.81E-05
    -0.72E+00     0.67E-02    -0.71E+00
    -0.11E+01     0.28E-01    -0.11E+01
    -0.20E+01     0.22E-02    -0.20E+01
    -0.13E+01     0.67E-02    -0.13E+01
    -0.86E+00     0.28E-01    -0.80E+00
    -0.94E-01     0.47E-01     0.40E-03
    -0.60E-01     0.30E-01     0.78E-04
 
 
    >>Objective:       9.5497       0.0177       9.5674
    >>Robustness factor:       0.0139
   16  0.9567398E+01  0.4725504E-02  0.4031876E-03  0.4493248E-01  0.2346176E-07
 
    >>Normalized Constraint Values:
    -0.44E-02     0.22E-02     0.10E-04
    -0.72E+00     0.67E-02    -0.71E+00
    -0.11E+01     0.28E-01    -0.11E+01
    -0.20E+01     0.22E-02    -0.20E+01
    -0.13E+01     0.67E-02    -0.13E+01
    -0.86E+00     0.28E-01    -0.80E+00
    -0.94E-01     0.47E-01     0.30E-03
    -0.60E-01     0.30E-01    -0.18E-03
 
 
    >>Objective:       9.5539       0.0178       9.5717
    >>Robustness factor:       0.0140
   17  0.9571748E+01  0.1839464E-02  0.3024434E-03  0.1595348E-01  0.4725347E-09
 
    >>Normalized Constraint Values:
    -0.45E-02     0.22E-02    -0.95E-05
    -0.72E+00     0.66E-02    -0.71E+00
    -0.11E+01     0.28E-01    -0.11E+01
    -0.20E+01     0.22E-02    -0.20E+01
    -0.13E+01     0.66E-02    -0.13E+01
    -0.86E+00     0.28E-01    -0.80E+00
    -0.94E-01     0.47E-01    -0.57E-04
    -0.60E-01     0.30E-01     0.16E-03
 
 
    >>Objective:       9.5533       0.0178       9.5711
    >>Robustness factor:       0.0139
   18  0.9571066E+01  0.2264945E-02  0.1599957E-03  0.1940511E-01  0.1000000E-10
 
    >>Normalized Constraint Values:
    -0.45E-02     0.22E-02    -0.80E-05
    -0.73E+00     0.66E-02    -0.71E+00
    -0.11E+01     0.28E-01    -0.11E+01
    -0.20E+01     0.22E-02    -0.20E+01
    -0.13E+01     0.66E-02    -0.13E+01
    -0.86E+00     0.28E-01    -0.80E+00
    -0.94E-01     0.47E-01     0.85E-04
    -0.60E-01     0.30E-01    -0.51E-04
 
 
    >>Objective:       9.5554       0.0178       9.5732
    >>Robustness factor:       0.0140
   19  0.9573236E+01  0.4446570E-02  0.8538860E-04  0.4246510E-01  0.1000000E-10
 
    >>Normalized Constraint Values:
    -0.45E-02     0.22E-02     0.14E-04
    -0.73E+00     0.65E-02    -0.71E+00
    -0.11E+01     0.28E-01    -0.11E+01
    -0.20E+01     0.22E-02    -0.20E+01
    -0.13E+01     0.65E-02    -0.13E+01
    -0.86E+00     0.28E-01    -0.80E+00
    -0.94E-01     0.47E-01    -0.58E-04
    -0.60E-01     0.30E-01     0.34E-04
 
 
    >>Objective:       9.5552       0.0179       9.5730
    >>Robustness factor:       0.0140
   20  0.9573042E+01  0.6494097E-02  0.5774796E-04  0.8416497E-01  0.1001242E-10
 
    >>Normalized Constraint Values:
    -0.45E-02     0.22E-02    -0.69E-05
    -0.73E+00     0.65E-02    -0.71E+00
    -0.11E+01     0.28E-01    -0.11E+01
    -0.20E+01     0.22E-02    -0.20E+01
    -0.13E+01     0.65E-02    -0.13E+01
    -0.86E+00     0.28E-01    -0.80E+00
    -0.94E-01     0.47E-01    -0.42E-04
    -0.60E-01     0.30E-01    -0.65E-04
 
 
    >>Objective:       9.5553       0.0178       9.5731
    >>Robustness factor:       0.0140
 
    >>Normalized Constraint Values:
    -0.45E-02     0.22E-02     0.72E-05
    -0.73E+00     0.65E-02    -0.71E+00
    -0.11E+01     0.28E-01    -0.11E+01
    -0.20E+01     0.22E-02    -0.20E+01
    -0.13E+01     0.65E-02    -0.13E+01
    -0.86E+00     0.28E-01    -0.80E+00
    -0.94E-01     0.47E-01    -0.43E-04
    -0.60E-01     0.30E-01     0.93E-04
 
 
    >>Objective:       9.5539       0.0178       9.5718
    >>Robustness factor:       0.0140
   21  0.9571777E+01  0.2136645E-02  0.9315625E-04  0.8784833E-01  0.1000000E-10
 
    >>Normalized Constraint Values:
    -0.45E-02     0.22E-02    -0.11E-04
    -0.73E+00     0.64E-02    -0.71E+00
    -0.11E+01     0.28E-01    -0.11E+01
    -0.20E+01     0.22E-02    -0.20E+01
    -0.13E+01     0.65E-02    -0.13E+01
    -0.86E+00     0.28E-01    -0.80E+00
    -0.94E-01     0.47E-01     0.19E-03
    -0.60E-01     0.30E-01    -0.45E-04
 
 
    >>Objective:       9.5551       0.0177       9.5728
    >>Robustness factor:       0.0139
 
    >>Normalized Constraint Values:
    -0.44E-02     0.22E-02     0.21E-05
    -0.73E+00     0.64E-02    -0.71E+00
    -0.11E+01     0.28E-01    -0.11E+01
    -0.20E+01     0.22E-02    -0.20E+01
    -0.13E+01     0.65E-02    -0.13E+01
    -0.86E+00     0.28E-01    -0.80E+00
    -0.94E-01     0.47E-01    -0.22E-04
    -0.60E-01     0.30E-01    -0.16E-04
 
 
    >>Objective:       9.5558       0.0178       9.5736
    >>Robustness factor:       0.0140
   22  0.9573615E+01  0.3867563E-02  0.3255373E-04  0.2293092E-01  0.1000000E-10
 
    >>Normalized Constraint Values:
    -0.44E-02     0.22E-02     0.39E-05
    -0.73E+00     0.65E-02    -0.71E+00
    -0.11E+01     0.28E-01    -0.11E+01
    -0.20E+01     0.22E-02    -0.20E+01
    -0.13E+01     0.65E-02    -0.13E+01
    -0.86E+00     0.28E-01    -0.80E+00
    -0.94E-01     0.47E-01     0.78E-04
    -0.60E-01     0.30E-01    -0.20E-03
 
 
    >>Objective:       9.5554       0.0179       9.5733
    >>Robustness factor:       0.0140
   23  0.9573314E+01  0.2187783E-02  0.1974918E-03  0.3714637E-01  0.1000000E-10
 
    >>Normalized Constraint Values:
    -0.44E-02     0.22E-02    -0.29E-05
    -0.73E+00     0.65E-02    -0.71E+00
    -0.11E+01     0.28E-01    -0.11E+01
    -0.20E+01     0.22E-02    -0.20E+01
    -0.13E+01     0.65E-02    -0.13E+01
    -0.86E+00     0.28E-01    -0.80E+00
    -0.94E-01     0.47E-01    -0.16E-03
    -0.60E-01     0.30E-01     0.17E-03
 
 
    >>Objective:       9.5528       0.0178       9.5706
    >>Robustness factor:       0.0140
   24  0.9570585E+01  0.1421870E-02  0.1672892E-03  0.1017239E-01  0.1000000E-10
 
    >>Normalized Constraint Values:
    -0.44E-02     0.22E-02     0.81E-05
    -0.73E+00     0.65E-02    -0.71E+00
    -0.11E+01     0.28E-01    -0.11E+01
    -0.20E+01     0.22E-02    -0.20E+01
    -0.13E+01     0.65E-02    -0.13E+01
    -0.86E+00     0.28E-01    -0.80E+00
    -0.94E-01     0.47E-01    -0.16E-06
    -0.60E-01     0.30E-01     0.72E-04
 
 
    >>Objective:       9.5542       0.0177       9.5720
    >>Robustness factor:       0.0139
   25  0.9571962E+01  0.4084477E-03  0.7161850E-04  0.7808874E-02  0.1000000E-10
 
 The solution was found.
 
 The final value of the objective function is    9.57196183711912     
 
 The optimal values of X are:
 
 X  (           1 ) =    3.97078923015660      in^2
 X  (           2 ) =   0.000000000000000E+000 in^2
 X  (           3 ) =    2.50473043121864      in^2
 X  (           4 ) =    50.1755896983521      deg
 X  (           5 ) =    62.5732931448477      deg
 X  (           6 ) =    145.108585545501      deg
 
 The multipliers for the equality constraints are:
 
 LAM(           1 ) =    1.21192327499869     
 LAM(           2 ) =   1.403227363888708E-011
 LAM(           3 ) =   9.180518954196043E-012
 LAM(           4 ) =   5.022196954370254E-012
 LAM(           5 ) =   7.927219585102671E-012
 LAM(           6 ) =   1.249835246503011E-011
 LAM(           7 ) =    7.55845682823566     
 LAM(           8 ) =    16.1979747869369     
 
 Weight and its variance:   9.55424939438957       1.771244272954675E-002
