 
    >>Normalized Constraint Values:
     0.12E+01     0.40E-01     0.12E+01
    -0.44E+00     0.17E-01    -0.44E+00
    -0.21E+01     0.21E-01    -0.21E+01
    -0.32E+01     0.40E-01    -0.32E+01
    -0.16E+01     0.17E-01    -0.16E+01
     0.60E-01     0.21E-01     0.60E-01
     0.13E+00     0.41E-01     0.13E+00
     0.23E+01     0.51E-01     0.23E+01
 
 
    >>Objective:       7.6597       0.0049       7.6646
    >>Coeff of variance:       0.0091
 
 iter    objective      ||grad||        inf_pr          inf_du         lg(mu)
    0  0.7664648E+01  0.0000000E+00  0.2262650E+01  0.1341639E+01  0.1000000E+01
 
    >>Normalized Constraint Values:
     0.68E+00     0.23E-01     0.68E+00
    -0.42E+00     0.18E-01    -0.42E+00
    -0.18E+01     0.18E-01    -0.18E+01
    -0.27E+01     0.23E-01    -0.27E+01
    -0.16E+01     0.18E-01    -0.16E+01
    -0.15E+00     0.18E-01    -0.15E+00
    -0.98E-01     0.39E-01    -0.98E-01
     0.15E+01     0.30E-01     0.15E+01
 
 
    >>Objective:       9.3839       0.0204       9.4042
    >>Coeff of variance:       0.0152
    1  0.9404244E+01  0.1543058E+01  0.1625613E+01  0.1051421E+02  0.3314111E+00
 
    >>Normalized Constraint Values:
     0.29E+00     0.96E-02     0.29E+00
    -0.30E+00     0.97E-02    -0.30E+00
    -0.15E+01     0.29E-01    -0.15E+01
    -0.23E+01     0.97E-02    -0.23E+01
    -0.17E+01     0.97E-02    -0.17E+01
    -0.50E+00     0.29E-01    -0.50E+00
    -0.12E+00     0.41E-01    -0.12E+00
     0.70E+00     0.34E-01     0.70E+00
 
 
    >>Objective:       9.6778       0.0133       9.6911
    >>Coeff of variance:       0.0119
    2  0.9691141E+01  0.9058908E+00  0.7858190E+00  0.8170350E+01  0.4314100E+00
 
    >>Normalized Constraint Values:
     0.12E-01     0.15E-01     0.12E-01
    -0.30E+00     0.16E-01    -0.30E+00
    -0.13E+01     0.19E-01    -0.13E+01
    -0.20E+01     0.15E-01    -0.20E+01
    -0.17E+01     0.16E-01    -0.17E+01
    -0.66E+00     0.19E-01    -0.66E+00
     0.26E-01     0.39E-01     0.26E-01
     0.49E+00     0.26E-01     0.49E+00
 
 
    >>Objective:      12.2077       0.0338      12.2415
    >>Coeff of variance:       0.0151
    3  0.1224150E+02  0.9612976E+00  0.4902612E+00  0.1918435E+02  0.5207512E+00
 
    >>Normalized Constraint Values:
    -0.13E+00     0.80E-02    -0.13E+00
    -0.48E+00     0.11E-01    -0.48E+00
    -0.13E+01     0.23E-01    -0.13E+01
    -0.19E+01     0.80E-02    -0.19E+01
    -0.15E+01     0.11E-01    -0.15E+01
    -0.71E+00     0.23E-01    -0.71E+00
    -0.27E+00     0.39E-01    -0.27E+00
     0.14E+00     0.22E-01     0.14E+00
 
 
    >>Objective:      13.7508       0.0322      13.7829
    >>Coeff of variance:       0.0130
    4  0.1378292E+02  0.1020892E+01  0.1688738E+00  0.2824169E+01  0.2905332E+00
 
    >>Normalized Constraint Values:
    -0.19E+00     0.74E-02    -0.19E+00
    -0.49E+00     0.12E-01    -0.49E+00
    -0.12E+01     0.22E-01    -0.12E+01
    -0.18E+01     0.74E-02    -0.18E+01
    -0.15E+01     0.12E-01    -0.15E+01
    -0.76E+00     0.22E-01    -0.76E+00
    -0.25E+00     0.41E-01    -0.25E+00
     0.49E-01     0.21E-01     0.49E-01
 
 
    >>Objective:      14.8039       0.0417      14.8456
    >>Coeff of variance:       0.0138
    5  0.1484560E+02  0.5640981E+00  0.4903966E-01  0.1609905E+01  0.6590336E-01
 
    >>Normalized Constraint Values:
    -0.14E+00     0.59E-02    -0.14E+00
    -0.42E+00     0.18E-01    -0.42E+00
    -0.12E+01     0.24E-01    -0.12E+01
    -0.19E+01     0.59E-02    -0.19E+01
    -0.16E+01     0.17E-01    -0.16E+01
    -0.82E+00     0.24E-01    -0.82E+00
    -0.40E-01     0.56E-01    -0.40E-01
     0.26E-02     0.21E-01     0.26E-02
 
 
    >>Objective:      14.8107       0.0500      14.8607
    >>Coeff of variance:       0.0151
    6  0.1486073E+02  0.7960771E+00  0.3899392E-01  0.1855775E+01  0.1696971E-01
 
    >>Normalized Constraint Values:
    -0.11E+00     0.55E-02    -0.11E+00
    -0.40E+00     0.20E-01    -0.40E+00
    -0.12E+01     0.26E-01    -0.12E+01
    -0.19E+01     0.55E-02    -0.19E+01
    -0.16E+01     0.20E-01    -0.16E+01
    -0.84E+00     0.25E-01    -0.84E+00
     0.32E-01     0.63E-01     0.32E-01
     0.52E-03     0.22E-01     0.52E-03
 
 
    >>Objective:      14.5907       0.0516      14.6423
    >>Coeff of variance:       0.0156
    7  0.1464230E+02  0.5194119E+00  0.3263724E-01  0.1054837E+01  0.2464560E-02
 
    >>Normalized Constraint Values:
    -0.12E+00     0.58E-02    -0.12E+00
    -0.41E+00     0.20E-01    -0.41E+00
    -0.12E+01     0.27E-01    -0.12E+01
    -0.19E+01     0.57E-02    -0.19E+01
    -0.16E+01     0.20E-01    -0.16E+01
    -0.81E+00     0.28E-01    -0.81E+00
    -0.21E-02     0.68E-01    -0.21E-02
     0.61E-02     0.27E-01     0.61E-02
 
 
    >>Objective:      14.4177       0.0527      14.4704
    >>Coeff of variance:       0.0159
    8  0.1447040E+02  0.3328443E+00  0.6410083E-02  0.4809510E+01  0.6793287E-02
 
    >>Normalized Constraint Values:
    -0.15E+00     0.67E-02    -0.15E+00
    -0.41E+00     0.20E-01    -0.41E+00
    -0.12E+01     0.28E-01    -0.12E+01
    -0.19E+01     0.67E-02    -0.19E+01
    -0.16E+01     0.20E-01    -0.16E+01
    -0.82E+00     0.28E-01    -0.82E+00
    -0.58E-03     0.69E-01    -0.58E-03
     0.31E-02     0.27E-01     0.31E-02
 
 
    >>Objective:      14.4425       0.0551      14.4976
    >>Coeff of variance:       0.0162
    9  0.1449760E+02  0.2037247E+00  0.3290960E-02  0.1731581E+01  0.1606280E-02
 
    >>Normalized Constraint Values:
    -0.14E+00     0.66E-02    -0.14E+00
    -0.41E+00     0.20E-01    -0.41E+00
    -0.12E+01     0.27E-01    -0.12E+01
    -0.19E+01     0.66E-02    -0.19E+01
    -0.16E+01     0.20E-01    -0.16E+01
    -0.82E+00     0.27E-01    -0.82E+00
    -0.24E-03     0.68E-01    -0.24E-03
     0.57E-04     0.27E-01     0.57E-04
 
 
    >>Objective:      14.5053       0.0547      14.5600
    >>Coeff of variance:       0.0161
   10  0.1456001E+02  0.4184878E-01  0.9286900E-04  0.3698804E+00  0.9724927E-03
 
    >>Normalized Constraint Values:
    -0.14E+00     0.66E-02    -0.14E+00
    -0.41E+00     0.20E-01    -0.41E+00
    -0.12E+01     0.28E-01    -0.12E+01
    -0.19E+01     0.66E-02    -0.19E+01
    -0.16E+01     0.20E-01    -0.16E+01
    -0.82E+00     0.27E-01    -0.82E+00
    -0.14E-04     0.68E-01    -0.14E-04
    -0.21E-05     0.27E-01    -0.21E-05
 
 
    >>Objective:      14.5047       0.0550      14.5597
    >>Coeff of variance:       0.0162
   11  0.1455967E+02  0.2490703E-02  0.1065494E-04  0.2969577E-01  0.1835745E-04
 
    >>Normalized Constraint Values:
    -0.14E+00     0.66E-02    -0.14E+00
    -0.41E+00     0.20E-01    -0.41E+00
    -0.12E+01     0.27E-01    -0.12E+01
    -0.19E+01     0.66E-02    -0.19E+01
    -0.16E+01     0.20E-01    -0.16E+01
    -0.82E+00     0.27E-01    -0.82E+00
     0.81E-05     0.68E-01     0.81E-05
     0.23E-04     0.27E-01     0.23E-04
 
 
    >>Objective:      14.5045       0.0548      14.5593
    >>Coeff of variance:       0.0161
   12  0.1455928E+02  0.3877381E-03  0.2268971E-04  0.1242097E-02  0.2577269E-06
 
    >>Normalized Constraint Values:
    -0.14E+00     0.66E-02    -0.14E+00
    -0.41E+00     0.20E-01    -0.41E+00
    -0.12E+01     0.27E-01    -0.12E+01
    -0.19E+01     0.66E-02    -0.19E+01
    -0.16E+01     0.20E-01    -0.16E+01
    -0.82E+00     0.27E-01    -0.82E+00
     0.23E-04     0.68E-01     0.23E-04
    -0.13E-04     0.27E-01    -0.13E-04
 
 
    >>Objective:      14.5051       0.0543      14.5594
    >>Coeff of variance:       0.0161
 
    >>Normalized Constraint Values:
    -0.14E+00     0.66E-02    -0.14E+00
    -0.41E+00     0.20E-01    -0.41E+00
    -0.12E+01     0.28E-01    -0.12E+01
    -0.19E+01     0.66E-02    -0.19E+01
    -0.16E+01     0.20E-01    -0.16E+01
    -0.82E+00     0.27E-01    -0.82E+00
    -0.15E-04     0.68E-01    -0.15E-04
    -0.59E-05     0.27E-01    -0.59E-05
 
 
    >>Objective:      14.5049       0.0551      14.5600
    >>Coeff of variance:       0.0162
 
    >>Normalized Constraint Values:
    -0.14E+00     0.66E-02    -0.14E+00
    -0.41E+00     0.20E-01    -0.41E+00
    -0.12E+01     0.27E-01    -0.12E+01
    -0.19E+01     0.66E-02    -0.19E+01
    -0.16E+01     0.20E-01    -0.16E+01
    -0.82E+00     0.27E-01    -0.82E+00
    -0.11E-04     0.68E-01    -0.11E-04
    -0.24E-05     0.27E-01    -0.24E-05
 
 
    >>Objective:      14.5047       0.0552      14.5599
    >>Coeff of variance:       0.0162
   13  0.1455988E+02  0.2305287E-03  0.1074219E-04  0.2608180E-02  0.2213142E-08
 
    >>Normalized Constraint Values:
    -0.14E+00     0.66E-02    -0.14E+00
    -0.41E+00     0.20E-01    -0.41E+00
    -0.12E+01     0.27E-01    -0.12E+01
    -0.19E+01     0.66E-02    -0.19E+01
    -0.16E+01     0.20E-01    -0.16E+01
    -0.82E+00     0.27E-01    -0.82E+00
     0.31E-04     0.68E-01     0.31E-04
    -0.25E-04     0.27E-01    -0.25E-04
 
 
    >>Objective:      14.5046       0.0543      14.5589
    >>Coeff of variance:       0.0161
   14  0.1455885E+02  0.9610835E-04  0.3147329E-04  0.6501003E-02  0.1000000E-10
 
 The solution was found.
 
 The final value of the objective function is    14.5588537401314     
 
 The optimal values of X are:
 
 X  (           1 ) =    5.00000000000000      in^2
 X  (           2 ) =    1.42415205788065      in^2
 X  (           3 ) =    2.33103695355900      in^2
 X  (           4 ) =    37.6408379271414      deg
 X  (           5 ) =    60.0000000000000      deg
 X  (           6 ) =    150.000000000000      deg
 
 The multipliers for the equality constraints are:
 
 LAM(           1 ) =   7.130866417995132E-011
 LAM(           2 ) =   2.445289988156298E-011
 LAM(           3 ) =   8.442702731648226E-012
 LAM(           4 ) =   5.377809505335862E-012
 LAM(           5 ) =   6.281387134958920E-012
 LAM(           6 ) =   1.223655694953319E-011
 LAM(           7 ) =    4.12593158207481     
 LAM(           8 ) =    24.0104758938894     
 
Weight, variance, SD, CV:      14.5046       0.0543       0.2330       0.0161
