 
    >>Normalized Constraint Values:
    -0.95E-02     0.20E-02    -0.95E-02
    -0.72E+00     0.86E-02    -0.72E+00
    -0.11E+01     0.40E-01    -0.11E+01
    -0.20E+01     0.20E-02    -0.20E+01
    -0.13E+01     0.86E-02    -0.13E+01
    -0.88E+00     0.40E-01    -0.88E+00
    -0.54E-01     0.65E-01    -0.54E-01
    -0.56E-01     0.40E-01    -0.56E-01
 
 
    >>Objective:       8.3755       0.0124       8.3879
    >>Robustness factor:       0.0133
 
 iter    objective      ||grad||        inf_pr          inf_du         lg(mu)
    0  0.8387863E+01  0.0000000E+00  0.4701297E-03  0.2089130E+01  0.1000000E+01
 
    >>Normalized Constraint Values:
    -0.37E-01     0.13E-02    -0.37E-01
    -0.73E+00     0.81E-02    -0.73E+00
    -0.12E+01     0.44E-01    -0.12E+01
    -0.20E+01     0.13E-02    -0.20E+01
    -0.13E+01     0.81E-02    -0.13E+01
    -0.83E+00     0.44E-01    -0.83E+00
    -0.17E+00     0.61E-01    -0.17E+00
     0.43E-02     0.45E-01     0.43E-02
 
 
    >>Objective:       8.0099       0.0102       8.0200
    >>Robustness factor:       0.0126
    1  0.8020017E+01  0.5980967E+00  0.1087572E+00  0.2293519E+01  0.1359611E+00
 
    >>Normalized Constraint Values:
    -0.25E-01     0.13E-02    -0.25E-01
    -0.71E+00     0.14E-01    -0.71E+00
    -0.11E+01     0.67E-01    -0.11E+01
    -0.20E+01     0.13E-02    -0.20E+01
    -0.13E+01     0.14E-01    -0.13E+01
    -0.91E+00     0.67E-01    -0.91E+00
    -0.58E-01     0.93E-01    -0.58E-01
    -0.31E-01     0.64E-01    -0.31E-01
 
 
    >>Objective:       7.2810       0.0100       7.2910
    >>Robustness factor:       0.0137
    2  0.7290996E+01  0.5276925E+00  0.5044536E-01  0.1644784E+01  0.3218796E-01
 
    >>Normalized Constraint Values:
    -0.22E-01     0.36E-02    -0.22E-01
    -0.78E+00     0.35E-01    -0.78E+00
    -0.15E+01     0.17E+00    -0.15E+01
    -0.20E+01     0.36E-02    -0.20E+01
    -0.12E+01     0.35E-01    -0.12E+01
    -0.52E+00     0.17E+00    -0.52E+00
    -0.48E+00     0.24E+00    -0.48E+00
     0.40E+00     0.25E+00     0.40E+00
 
 
    >>Objective:       6.3017       0.0081       6.3098
    >>Robustness factor:       0.0143
    3  0.6309797E+01  0.6907514E+00  0.4737675E+00  0.3220743E+02  0.2229759E-01
 
    >>Normalized Constraint Values:
    -0.20E-01     0.20E-02    -0.20E-01
    -0.73E+00     0.35E-01    -0.73E+00
    -0.12E+01     0.17E+00    -0.12E+01
    -0.20E+01     0.20E-02    -0.20E+01
    -0.13E+01     0.35E-01    -0.13E+01
    -0.77E+00     0.17E+00    -0.77E+00
    -0.15E+00     0.22E+00    -0.15E+00
     0.87E-01     0.20E+00     0.87E-01
 
 
    >>Objective:       6.3363       0.0092       6.3455
    >>Robustness factor:       0.0151
    4  0.6345467E+01  0.1016859E+00  0.1339361E+00  0.1186660E+01  0.3838502E-01
 
    >>Normalized Constraint Values:
    -0.11E-03     0.19E-02    -0.11E-03
    -0.70E+00     0.39E-01    -0.70E+00
    -0.11E+01     0.19E+00    -0.11E+01
    -0.20E+01     0.19E-02    -0.20E+01
    -0.13E+01     0.39E-01    -0.13E+01
    -0.90E+00     0.19E+00    -0.90E+00
    -0.73E-03     0.24E+00    -0.73E-03
    -0.87E-02     0.20E+00    -0.87E-02
 
 
    >>Objective:       6.2044       0.0094       6.2138
    >>Robustness factor:       0.0156
    5  0.6213768E+01  0.1199848E+00  0.2065066E-01  0.1179625E+01  0.1497400E-01
 
    >>Normalized Constraint Values:
    -0.11E-03     0.17E-02    -0.11E-03
    -0.70E+00     0.40E-01    -0.70E+00
    -0.11E+01     0.20E+00    -0.11E+01
    -0.20E+01     0.17E-02    -0.20E+01
    -0.13E+01     0.41E-01    -0.13E+01
    -0.91E+00     0.20E+00    -0.91E+00
    -0.59E-02     0.25E+00    -0.59E-02
    -0.10E-02     0.21E+00    -0.10E-02
 
 
    >>Objective:       6.1659       0.0095       6.1753
    >>Robustness factor:       0.0158
    6  0.6175343E+01  0.3470892E-01  0.6212959E-02  0.1211151E+01  0.5241055E-03
 
    >>Normalized Constraint Values:
    -0.13E-03     0.17E-02    -0.13E-03
    -0.70E+00     0.42E-01    -0.70E+00
    -0.11E+01     0.20E+00    -0.11E+01
    -0.20E+01     0.17E-02    -0.20E+01
    -0.13E+01     0.42E-01    -0.13E+01
    -0.90E+00     0.20E+00    -0.90E+00
    -0.70E-02     0.25E+00    -0.70E-02
     0.67E-04     0.22E+00     0.67E-04
 
 
    >>Objective:       6.1542       0.0095       6.1637
    >>Robustness factor:       0.0158
    7  0.6163687E+01  0.1103514E-01  0.6589825E-02  0.7034754E+00  0.6753713E-03
 
    >>Normalized Constraint Values:
    -0.19E-04     0.20E-02    -0.19E-04
    -0.70E+00     0.44E-01    -0.70E+00
    -0.11E+01     0.21E+00    -0.11E+01
    -0.20E+01     0.20E-02    -0.20E+01
    -0.13E+01     0.44E-01    -0.13E+01
    -0.89E+00     0.21E+00    -0.89E+00
    -0.83E-02     0.27E+00    -0.83E-02
     0.67E-03     0.23E+00     0.67E-03
 
 
    >>Objective:       6.1384       0.0094       6.1478
    >>Robustness factor:       0.0158
    8  0.6147799E+01  0.1623063E-01  0.8225282E-02  0.4792245E+00  0.4056682E-04
 
    >>Normalized Constraint Values:
    -0.21E-04     0.18E-02    -0.21E-04
    -0.70E+00     0.44E-01    -0.70E+00
    -0.11E+01     0.22E+00    -0.11E+01
    -0.20E+01     0.18E-02    -0.20E+01
    -0.13E+01     0.44E-01    -0.13E+01
    -0.90E+00     0.22E+00    -0.90E+00
    -0.54E-02     0.27E+00    -0.54E-02
     0.68E-04     0.23E+00     0.68E-04
 
 
    >>Objective:       6.1264       0.0095       6.1359
    >>Robustness factor:       0.0159
    9  0.6135910E+01  0.1427971E-01  0.5364230E-02  0.4918527E+00  0.1097636E-04
 
    >>Normalized Constraint Values:
    -0.11E-04     0.19E-02    -0.11E-04
    -0.70E+00     0.46E-01    -0.70E+00
    -0.11E+01     0.22E+00    -0.11E+01
    -0.20E+01     0.18E-02    -0.20E+01
    -0.13E+01     0.46E-01    -0.13E+01
    -0.90E+00     0.22E+00    -0.90E+00
    -0.54E-02     0.27E+00    -0.54E-02
     0.15E-04     0.24E+00     0.15E-04
 
 
    >>Objective:       6.1165       0.0094       6.1260
    >>Robustness factor:       0.0159
   10  0.6125966E+01  0.7637730E-02  0.5354059E-02  0.1182997E+00  0.1233822E-05
 
    >>Normalized Constraint Values:
     0.92E-06     0.19E-02     0.92E-06
    -0.70E+00     0.47E-01    -0.70E+00
    -0.11E+01     0.23E+00    -0.11E+01
    -0.20E+01     0.19E-02    -0.20E+01
    -0.13E+01     0.47E-01    -0.13E+01
    -0.90E+00     0.23E+00    -0.90E+00
    -0.47E-02     0.28E+00    -0.47E-02
    -0.18E-03     0.25E+00    -0.18E-03
 
 
    >>Objective:       6.1075       0.0095       6.1169
    >>Robustness factor:       0.0159
   11  0.6116917E+01  0.6475649E-02  0.4661849E-02  0.7669149E-01  0.2335157E-07
 
    >>Normalized Constraint Values:
    -0.50E-05     0.19E-02    -0.50E-05
    -0.70E+00     0.48E-01    -0.70E+00
    -0.11E+01     0.23E+00    -0.11E+01
    -0.20E+01     0.19E-02    -0.20E+01
    -0.13E+01     0.48E-01    -0.13E+01
    -0.90E+00     0.23E+00    -0.90E+00
    -0.44E-02     0.28E+00    -0.44E-02
    -0.66E-04     0.25E+00    -0.66E-04
 
 
    >>Objective:       6.0994       0.0095       6.1088
    >>Robustness factor:       0.0159
   12  0.6108831E+01  0.5817425E-02  0.4420740E-02  0.2263585E-01  0.5455024E-09
 
    >>Normalized Constraint Values:
    -0.49E-05     0.18E-02    -0.49E-05
    -0.70E+00     0.48E-01    -0.70E+00
    -0.11E+01     0.24E+00    -0.11E+01
    -0.20E+01     0.18E-02    -0.20E+01
    -0.13E+01     0.48E-01    -0.13E+01
    -0.90E+00     0.24E+00    -0.90E+00
    -0.35E-02     0.29E+00    -0.35E-02
    -0.22E-03     0.25E+00    -0.22E-03
 
 
    >>Objective:       6.0922       0.0095       6.1017
    >>Robustness factor:       0.0160
   13  0.6101652E+01  0.4538489E-02  0.3499873E-02  0.1073396E+00  0.3026941E-10
 
    >>Normalized Constraint Values:
     0.29E-05     0.18E-02     0.29E-05
    -0.70E+00     0.49E-01    -0.70E+00
    -0.11E+01     0.24E+00    -0.11E+01
    -0.20E+01     0.18E-02    -0.20E+01
    -0.13E+01     0.49E-01    -0.13E+01
    -0.90E+00     0.24E+00    -0.90E+00
    -0.34E-02     0.29E+00    -0.34E-02
     0.19E-04     0.26E+00     0.19E-04
 
 
    >>Objective:       6.0860       0.0095       6.0955
    >>Robustness factor:       0.0160
   14  0.6095502E+01  0.4231906E-02  0.3368121E-02  0.2525252E-01  0.1000000E-10
 
    >>Normalized Constraint Values:
    -0.71E-05     0.19E-02    -0.71E-05
    -0.70E+00     0.50E-01    -0.70E+00
    -0.11E+01     0.24E+00    -0.11E+01
    -0.20E+01     0.19E-02    -0.20E+01
    -0.13E+01     0.50E-01    -0.13E+01
    -0.90E+00     0.24E+00    -0.90E+00
    -0.32E-02     0.30E+00    -0.32E-02
    -0.17E-03     0.26E+00    -0.17E-03
 
 
    >>Objective:       6.0807       0.0095       6.0902
    >>Robustness factor:       0.0160
   15  0.6090202E+01  0.4040680E-02  0.3160525E-02  0.7954430E-01  0.1000000E-10
 
    >>Normalized Constraint Values:
    -0.21E-05     0.18E-02    -0.21E-05
    -0.70E+00     0.50E-01    -0.70E+00
    -0.11E+01     0.24E+00    -0.11E+01
    -0.20E+01     0.18E-02    -0.20E+01
    -0.13E+01     0.50E-01    -0.13E+01
    -0.90E+00     0.24E+00    -0.90E+00
    -0.27E-02     0.30E+00    -0.27E-02
     0.32E-04     0.26E+00     0.32E-04
 
 
    >>Objective:       6.0754       0.0095       6.0849
    >>Robustness factor:       0.0160
   16  0.6084919E+01  0.3282414E-02  0.2687418E-02  0.1437559E+00  0.1000000E-10
 
    >>Normalized Constraint Values:
    -0.52E-05     0.18E-02    -0.52E-05
    -0.70E+00     0.51E-01    -0.70E+00
    -0.11E+01     0.25E+00    -0.11E+01
    -0.20E+01     0.18E-02    -0.20E+01
    -0.13E+01     0.51E-01    -0.13E+01
    -0.90E+00     0.25E+00    -0.90E+00
    -0.23E-02     0.30E+00    -0.23E-02
    -0.26E-03     0.27E+00    -0.26E-03
 
 
    >>Objective:       6.0713       0.0095       6.0808
    >>Robustness factor:       0.0161
   17  0.6080788E+01  0.2844164E-02  0.2279175E-02  0.6104543E-01  0.1000000E-10
 
    >>Normalized Constraint Values:
    -0.85E-06     0.18E-02    -0.85E-06
    -0.70E+00     0.52E-01    -0.70E+00
    -0.11E+01     0.25E+00    -0.11E+01
    -0.20E+01     0.18E-02    -0.20E+01
    -0.13E+01     0.51E-01    -0.13E+01
    -0.90E+00     0.25E+00    -0.90E+00
    -0.21E-02     0.30E+00    -0.21E-02
     0.12E-03     0.27E+00     0.12E-03
 
 
    >>Objective:       6.0672       0.0095       6.0766
    >>Robustness factor:       0.0160
   18  0.6076622E+01  0.2779245E-02  0.2114626E-02  0.1412409E-01  0.1000000E-10
 
    >>Normalized Constraint Values:
    -0.18E-05     0.18E-02    -0.18E-05
    -0.70E+00     0.52E-01    -0.70E+00
    -0.11E+01     0.25E+00    -0.11E+01
    -0.20E+01     0.18E-02    -0.20E+01
    -0.13E+01     0.52E-01    -0.13E+01
    -0.90E+00     0.25E+00    -0.90E+00
    -0.17E-02     0.30E+00    -0.17E-02
    -0.22E-03     0.27E+00    -0.22E-03
 
 
    >>Objective:       6.0642       0.0095       6.0736
    >>Robustness factor:       0.0161
   19  0.6073634E+01  0.2002912E-02  0.1679807E-02  0.1324057E-01  0.1000000E-10
 
    >>Normalized Constraint Values:
    -0.55E-05     0.18E-02    -0.55E-05
    -0.70E+00     0.53E-01    -0.70E+00
    -0.11E+01     0.25E+00    -0.11E+01
    -0.20E+01     0.18E-02    -0.20E+01
    -0.13E+01     0.53E-01    -0.13E+01
    -0.90E+00     0.25E+00    -0.90E+00
    -0.18E-02     0.31E+00    -0.18E-02
     0.11E-03     0.27E+00     0.11E-03
 
 
    >>Objective:       6.0611       0.0095       6.0706
    >>Robustness factor:       0.0161
   20  0.6070574E+01  0.2274228E-02  0.1816480E-02  0.4700968E-01  0.1000000E-10
 
    >>Normalized Constraint Values:
     0.38E-05     0.18E-02     0.38E-05
    -0.70E+00     0.53E-01    -0.70E+00
    -0.11E+01     0.25E+00    -0.11E+01
    -0.20E+01     0.18E-02    -0.20E+01
    -0.13E+01     0.53E-01    -0.13E+01
    -0.91E+00     0.25E+00    -0.91E+00
    -0.13E-02     0.31E+00    -0.13E-02
    -0.20E-03     0.27E+00    -0.20E-03
 
 
    >>Objective:       6.0585       0.0095       6.0680
    >>Robustness factor:       0.0161
   21  0.6068030E+01  0.1808190E-02  0.1296659E-02  0.6763543E-01  0.1000000E-10
 
    >>Normalized Constraint Values:
    -0.65E-05     0.18E-02    -0.65E-05
    -0.70E+00     0.53E-01    -0.70E+00
    -0.11E+01     0.26E+00    -0.11E+01
    -0.20E+01     0.18E-02    -0.20E+01
    -0.13E+01     0.53E-01    -0.13E+01
    -0.90E+00     0.26E+00    -0.90E+00
    -0.14E-02     0.31E+00    -0.14E-02
    -0.12E-03     0.28E+00    -0.12E-03
 
 
    >>Objective:       6.0561       0.0095       6.0656
    >>Robustness factor:       0.0161
   22  0.6065620E+01  0.1648979E-02  0.1354128E-02  0.3166983E-01  0.1000000E-10
 
    >>Normalized Constraint Values:
     0.39E-05     0.18E-02     0.39E-05
    -0.70E+00     0.54E-01    -0.70E+00
    -0.11E+01     0.26E+00    -0.11E+01
    -0.20E+01     0.18E-02    -0.20E+01
    -0.13E+01     0.54E-01    -0.13E+01
    -0.90E+00     0.26E+00    -0.90E+00
    -0.13E-02     0.31E+00    -0.13E-02
     0.14E-03     0.28E+00     0.14E-03
 
 
    >>Objective:       6.0538       0.0095       6.0633
    >>Robustness factor:       0.0161
   23  0.6063294E+01  0.1797643E-02  0.1286219E-02  0.6607983E-01  0.1000000E-10
 
    >>Normalized Constraint Values:
    -0.27E-06     0.18E-02    -0.27E-06
    -0.70E+00     0.54E-01    -0.70E+00
    -0.11E+01     0.26E+00    -0.11E+01
    -0.20E+01     0.18E-02    -0.20E+01
    -0.13E+01     0.54E-01    -0.13E+01
    -0.91E+00     0.26E+00    -0.91E+00
    -0.88E-03     0.31E+00    -0.88E-03
    -0.67E-04     0.28E+00    -0.67E-04
 
 
    >>Objective:       6.0522       0.0095       6.0617
    >>Robustness factor:       0.0161
   24  0.6061698E+01  0.2386218E-02  0.8831422E-03  0.1041486E+00  0.1000000E-10
 
    >>Normalized Constraint Values:
     0.18E-05     0.18E-02     0.18E-05
    -0.70E+00     0.54E-01    -0.70E+00
    -0.11E+01     0.26E+00    -0.11E+01
    -0.20E+01     0.18E-02    -0.20E+01
    -0.13E+01     0.54E-01    -0.13E+01
    -0.91E+00     0.26E+00    -0.91E+00
    -0.94E-03     0.31E+00    -0.94E-03
    -0.14E-03     0.28E+00    -0.14E-03
 
 
    >>Objective:       6.0507       0.0095       6.0602
    >>Robustness factor:       0.0161
   25  0.6060211E+01  0.1010184E-02  0.9393954E-03  0.3535009E-01  0.1000000E-10
 
    >>Normalized Constraint Values:
    -0.10E-04     0.18E-02    -0.10E-04
    -0.70E+00     0.54E-01    -0.70E+00
    -0.11E+01     0.26E+00    -0.11E+01
    -0.20E+01     0.18E-02    -0.20E+01
    -0.13E+01     0.55E-01    -0.13E+01
    -0.90E+00     0.26E+00    -0.90E+00
    -0.10E-02     0.32E+00    -0.10E-02
    -0.46E-04     0.28E+00    -0.46E-04
 
 
    >>Objective:       6.0490       0.0095       6.0585
    >>Robustness factor:       0.0161
   26  0.6058482E+01  0.1438987E-02  0.1046896E-02  0.7763086E-01  0.1000000E-10
 
    >>Normalized Constraint Values:
     0.70E-05     0.18E-02     0.70E-05
    -0.70E+00     0.55E-01    -0.70E+00
    -0.11E+01     0.26E+00    -0.11E+01
    -0.20E+01     0.18E-02    -0.20E+01
    -0.13E+01     0.55E-01    -0.13E+01
    -0.91E+00     0.26E+00    -0.91E+00
    -0.85E-03     0.32E+00    -0.85E-03
     0.66E-04     0.28E+00     0.66E-04
 
 
    >>Objective:       6.0473       0.0095       6.0568
    >>Robustness factor:       0.0161
   27  0.6056795E+01  0.1437900E-02  0.8479082E-03  0.8055447E-01  0.1000000E-10
 
    >>Normalized Constraint Values:
    -0.11E-04     0.18E-02    -0.11E-04
    -0.70E+00     0.55E-01    -0.70E+00
    -0.11E+01     0.26E+00    -0.11E+01
    -0.20E+01     0.18E-02    -0.20E+01
    -0.13E+01     0.55E-01    -0.13E+01
    -0.91E+00     0.26E+00    -0.91E+00
    -0.77E-03     0.32E+00    -0.77E-03
    -0.39E-04     0.28E+00    -0.39E-04
 
 
    >>Objective:       6.0462       0.0095       6.0557
    >>Robustness factor:       0.0161
   28  0.6055696E+01  0.7591099E-03  0.7677343E-03  0.5314617E-01  0.1000000E-10
 
 The solution was found.
 
 The final value of the objective function is    6.05569566419568     
 
 The optimal values of X are:
 
 X  (           1 ) =    3.99806888457698      in^2
 X  (           2 ) =   0.000000000000000E+000 in^2
 X  (           3 ) =   0.266791485246222      in^2
 X  (           4 ) =    45.3582001675283      deg
 X  (           5 ) =    74.0822808014115      deg
 X  (           6 ) =    141.040940831186      deg
 
 The multipliers for the equality constraints are:
 
 LAM(           1 ) =    5.41439598667715     
 LAM(           2 ) =   1.422239975779841E-011
 LAM(           3 ) =   9.142439718181378E-012
 LAM(           4 ) =   4.999915859254975E-012
 LAM(           5 ) =   7.710920095924747E-012
 LAM(           6 ) =   1.103447728822918E-011
 LAM(           7 ) =    1.47353079462609     
 LAM(           8 ) =    2.02742014216604     
 
 Weight and its variance:   6.04620188270057       9.493781495109488E-003
