 
    >>Normalized Constraint Values:
     0.12E+01     0.40E-01     0.13E+01
    -0.44E+00     0.17E-01    -0.40E+00
    -0.21E+01     0.21E-01    -0.20E+01
    -0.32E+01     0.40E-01    -0.31E+01
    -0.16E+01     0.17E-01    -0.15E+01
     0.60E-01     0.21E-01     0.10E+00
     0.13E+00     0.41E-01     0.21E+00
     0.23E+01     0.51E-01     0.24E+01
 
 
    >>Objective:       7.6597       0.0049       7.6646
    >>Coeff of variance:       0.0091
 
 iter    objective      ||grad||        inf_pr          inf_du         lg(mu)
    0  0.7664638E+01  0.0000000E+00  0.2364407E+01  0.1187678E+01  0.1000000E+01
 
    >>Normalized Constraint Values:
     0.67E+00     0.23E-01     0.72E+00
    -0.41E+00     0.19E-01    -0.37E+00
    -0.18E+01     0.19E-01    -0.18E+01
    -0.27E+01     0.23E-01    -0.26E+01
    -0.16E+01     0.19E-01    -0.16E+01
    -0.15E+00     0.19E-01    -0.11E+00
    -0.10E+00     0.40E-01    -0.20E-01
     0.15E+01     0.31E-01     0.15E+01
 
 
    >>Objective:       9.2535       0.0194       9.2729
    >>Coeff of variance:       0.0151
    1  0.9272888E+01  0.1506053E+01  0.1680010E+01  0.1039383E+02  0.3139330E+00
 
    >>Normalized Constraint Values:
     0.30E+00     0.10E-01     0.32E+00
    -0.26E+00     0.13E-01    -0.24E+00
    -0.15E+01     0.30E-01    -0.14E+01
    -0.23E+01     0.10E-01    -0.23E+01
    -0.17E+01     0.13E-01    -0.17E+01
    -0.55E+00     0.30E-01    -0.49E+00
    -0.12E-02     0.49E-01     0.97E-01
     0.67E+00     0.33E-01     0.73E+00
 
 
    >>Objective:       9.6553       0.0151       9.6704
    >>Coeff of variance:       0.0127
    2  0.9670409E+01  0.9590135E+00  0.8073012E+00  0.5706461E+01  0.3767577E+00
 
    >>Normalized Constraint Values:
     0.24E-01     0.14E-01     0.52E-01
    -0.30E+00     0.17E-01    -0.27E+00
    -0.13E+01     0.22E-01    -0.13E+01
    -0.20E+01     0.14E-01    -0.20E+01
    -0.17E+01     0.17E-01    -0.17E+01
    -0.66E+00     0.22E-01    -0.62E+00
     0.18E-01     0.44E-01     0.11E+00
     0.46E+00     0.25E-01     0.51E+00
 
 
    >>Objective:      11.8269       0.0305      11.8574
    >>Coeff of variance:       0.0148
    3  0.1185735E+02  0.1029729E+01  0.5094102E+00  0.1659559E+02  0.4169137E+00
 
    >>Normalized Constraint Values:
    -0.16E+00     0.67E-02    -0.15E+00
    -0.51E+00     0.11E-01    -0.49E+00
    -0.13E+01     0.26E-01    -0.13E+01
    -0.18E+01     0.67E-02    -0.18E+01
    -0.15E+01     0.11E-01    -0.15E+01
    -0.70E+00     0.26E-01    -0.64E+00
    -0.35E+00     0.42E-01    -0.26E+00
     0.12E+00     0.25E-01     0.17E+00
 
 
    >>Objective:      13.8623       0.0321      13.8944
    >>Coeff of variance:       0.0129
    4  0.1389439E+02  0.1374547E+01  0.1837981E+00  0.9446231E+01  0.2181896E+00
 
    >>Normalized Constraint Values:
    -0.15E+00     0.68E-02    -0.13E+00
    -0.42E+00     0.18E-01    -0.38E+00
    -0.12E+01     0.24E-01    -0.11E+01
    -0.19E+01     0.68E-02    -0.18E+01
    -0.16E+01     0.18E-01    -0.15E+01
    -0.83E+00     0.24E-01    -0.78E+00
    -0.35E-01     0.56E-01     0.76E-01
     0.21E-01     0.21E-01     0.62E-01
 
 
    >>Objective:      14.6033       0.0500      14.6533
    >>Coeff of variance:       0.0153
    5  0.1465326E+02  0.6743916E+00  0.7923879E-01  0.3350062E+01  0.6427936E-01
 
    >>Normalized Constraint Values:
    -0.18E+00     0.69E-02    -0.17E+00
    -0.45E+00     0.16E-01    -0.42E+00
    -0.12E+01     0.23E-01    -0.12E+01
    -0.18E+01     0.69E-02    -0.18E+01
    -0.15E+01     0.16E-01    -0.15E+01
    -0.80E+00     0.23E-01    -0.75E+00
    -0.12E+00     0.52E-01    -0.18E-01
     0.73E-03     0.21E-01     0.43E-01
 
 
    >>Objective:      15.0504       0.0513      15.1017
    >>Coeff of variance:       0.0150
    6  0.1510172E+02  0.5573273E+00  0.4765260E-01  0.8311843E+01  0.5931450E-01
 
    >>Normalized Constraint Values:
    -0.22E+00     0.76E-02    -0.20E+00
    -0.46E+00     0.16E-01    -0.43E+00
    -0.12E+01     0.22E-01    -0.11E+01
    -0.18E+01     0.76E-02    -0.18E+01
    -0.15E+01     0.16E-01    -0.15E+01
    -0.81E+00     0.22E-01    -0.77E+00
    -0.11E+00     0.52E-01    -0.65E-02
    -0.37E-01     0.21E-01     0.52E-02
 
 
    >>Objective:      15.8575       0.0623      15.9198
    >>Coeff of variance:       0.0157
    7  0.1591977E+02  0.1732878E+00  0.5796739E-02  0.2420248E+01  0.4690876E-02
 
    >>Normalized Constraint Values:
    -0.22E+00     0.76E-02    -0.20E+00
    -0.46E+00     0.16E-01    -0.43E+00
    -0.12E+01     0.21E-01    -0.11E+01
    -0.18E+01     0.76E-02    -0.18E+01
    -0.15E+01     0.16E-01    -0.15E+01
    -0.81E+00     0.21E-01    -0.77E+00
    -0.11E+00     0.52E-01    -0.17E-02
    -0.42E-01     0.21E-01    -0.67E-03
 
 
    >>Objective:      15.9727       0.0634      16.0361
    >>Coeff of variance:       0.0158
    8  0.1603609E+02  0.4630666E-01  0.1309733E-02  0.3656274E+00  0.1149368E-02
 
    >>Normalized Constraint Values:
    -0.21E+00     0.74E-02    -0.20E+00
    -0.46E+00     0.16E-01    -0.42E+00
    -0.12E+01     0.21E-01    -0.11E+01
    -0.18E+01     0.74E-02    -0.18E+01
    -0.15E+01     0.16E-01    -0.15E+01
    -0.82E+00     0.21E-01    -0.77E+00
    -0.10E+00     0.51E-01     0.55E-03
    -0.41E-01     0.20E-01    -0.90E-03
 
 
    >>Objective:      15.9353       0.0617      15.9970
    >>Coeff of variance:       0.0156
    9  0.1599702E+02  0.5925354E-01  0.8923721E-03  0.7735132E+00  0.1274502E-03
 
    >>Normalized Constraint Values:
    -0.21E+00     0.72E-02    -0.19E+00
    -0.46E+00     0.16E-01    -0.42E+00
    -0.12E+01     0.21E-01    -0.11E+01
    -0.18E+01     0.72E-02    -0.18E+01
    -0.15E+01     0.16E-01    -0.15E+01
    -0.82E+00     0.21E-01    -0.78E+00
    -0.10E+00     0.51E-01     0.50E-03
    -0.41E-01     0.20E-01    -0.42E-03
 
 
    >>Objective:      15.9106       0.0616      15.9723
    >>Coeff of variance:       0.0156
   10  0.1597226E+02  0.2924628E-01  0.5060014E-03  0.1604379E+00  0.4119790E-05
 
    >>Normalized Constraint Values:
    -0.21E+00     0.72E-02    -0.19E+00
    -0.46E+00     0.16E-01    -0.42E+00
    -0.12E+01     0.21E-01    -0.11E+01
    -0.18E+01     0.72E-02    -0.18E+01
    -0.15E+01     0.16E-01    -0.15E+01
    -0.82E+00     0.21E-01    -0.77E+00
    -0.10E+00     0.51E-01    -0.82E-05
    -0.40E-01     0.20E-01     0.32E-04
 
 
    >>Objective:      15.9007       0.0612      15.9620
    >>Coeff of variance:       0.0156
   11  0.1596197E+02  0.2925122E-02  0.2465363E-03  0.2824721E-01  0.1667695E-06
 
    >>Normalized Constraint Values:
    -0.21E+00     0.72E-02    -0.19E+00
    -0.46E+00     0.16E-01    -0.42E+00
    -0.12E+01     0.21E-01    -0.11E+01
    -0.18E+01     0.72E-02    -0.18E+01
    -0.15E+01     0.16E-01    -0.15E+01
    -0.82E+00     0.21E-01    -0.77E+00
    -0.10E+00     0.51E-01    -0.17E-04
    -0.40E-01     0.20E-01     0.40E-04
 
 
    >>Objective:      15.9015       0.0612      15.9627
    >>Coeff of variance:       0.0156
   12  0.1596272E+02  0.1269168E-02  0.1318092E-03  0.2100136E-01  0.3651126E-08
 
    >>Normalized Constraint Values:
    -0.21E+00     0.72E-02    -0.19E+00
    -0.46E+00     0.16E-01    -0.42E+00
    -0.12E+01     0.21E-01    -0.11E+01
    -0.18E+01     0.72E-02    -0.18E+01
    -0.15E+01     0.16E-01    -0.15E+01
    -0.82E+00     0.21E-01    -0.77E+00
    -0.10E+00     0.51E-01     0.17E-03
    -0.40E-01     0.20E-01     0.64E-04
 
 
    >>Objective:      15.9025       0.0614      15.9639
    >>Coeff of variance:       0.0156
 
    >>Normalized Constraint Values:
    -0.21E+00     0.72E-02    -0.19E+00
    -0.46E+00     0.16E-01    -0.42E+00
    -0.12E+01     0.21E-01    -0.11E+01
    -0.18E+01     0.72E-02    -0.18E+01
    -0.15E+01     0.16E-01    -0.15E+01
    -0.82E+00     0.21E-01    -0.77E+00
    -0.10E+00     0.51E-01    -0.31E-03
    -0.40E-01     0.20E-01    -0.73E-04
 
 
    >>Objective:      15.9046       0.0612      15.9658
    >>Coeff of variance:       0.0156
 
    >>Normalized Constraint Values:
    -0.21E+00     0.72E-02    -0.19E+00
    -0.46E+00     0.16E-01    -0.42E+00
    -0.12E+01     0.21E-01    -0.11E+01
    -0.18E+01     0.72E-02    -0.18E+01
    -0.15E+01     0.16E-01    -0.15E+01
    -0.82E+00     0.21E-01    -0.77E+00
    -0.10E+00     0.51E-01    -0.64E-04
    -0.40E-01     0.20E-01     0.18E-03
 
 
    >>Objective:      15.9020       0.0611      15.9631
    >>Coeff of variance:       0.0155
 
    >>Normalized Constraint Values:
    -0.21E+00     0.72E-02    -0.19E+00
    -0.46E+00     0.16E-01    -0.42E+00
    -0.12E+01     0.21E-01    -0.11E+01
    -0.18E+01     0.72E-02    -0.18E+01
    -0.15E+01     0.16E-01    -0.15E+01
    -0.82E+00     0.21E-01    -0.77E+00
    -0.10E+00     0.51E-01    -0.12E-03
    -0.40E-01     0.20E-01    -0.20E-05
 
 
    >>Objective:      15.9018       0.0615      15.9632
    >>Coeff of variance:       0.0156
   13  0.1596321E+02  0.9647562E-03  0.1249215E-03  0.8202757E-02  0.3966624E-10
 
    >>Normalized Constraint Values:
    -0.21E+00     0.72E-02    -0.19E+00
    -0.46E+00     0.16E-01    -0.42E+00
    -0.12E+01     0.21E-01    -0.11E+01
    -0.18E+01     0.72E-02    -0.18E+01
    -0.15E+01     0.16E-01    -0.15E+01
    -0.82E+00     0.21E-01    -0.77E+00
    -0.10E+00     0.51E-01     0.20E-03
    -0.40E-01     0.20E-01     0.15E-03
 
 
    >>Objective:      15.9014       0.0616      15.9630
    >>Coeff of variance:       0.0156
   14  0.1596300E+02  0.3460438E-03  0.1962720E-03  0.1631376E-01  0.2646797E-10
 
    >>Normalized Constraint Values:
    -0.21E+00     0.72E-02    -0.19E+00
    -0.46E+00     0.16E-01    -0.42E+00
    -0.12E+01     0.21E-01    -0.11E+01
    -0.18E+01     0.72E-02    -0.18E+01
    -0.15E+01     0.16E-01    -0.15E+01
    -0.82E+00     0.21E-01    -0.77E+00
    -0.10E+00     0.51E-01    -0.16E-03
    -0.40E-01     0.20E-01    -0.18E-03
 
 
    >>Objective:      15.9060       0.0613      15.9673
    >>Coeff of variance:       0.0156
 
    >>Normalized Constraint Values:
    -0.21E+00     0.72E-02    -0.19E+00
    -0.46E+00     0.16E-01    -0.42E+00
    -0.12E+01     0.21E-01    -0.11E+01
    -0.18E+01     0.72E-02    -0.18E+01
    -0.15E+01     0.16E-01    -0.15E+01
    -0.82E+00     0.21E-01    -0.77E+00
    -0.10E+00     0.51E-01     0.25E-03
    -0.40E-01     0.20E-01     0.12E-03
 
 
    >>Objective:      15.9008       0.0615      15.9623
    >>Coeff of variance:       0.0156
   15  0.1596231E+02  0.2056248E-02  0.2542702E-03  0.9601263E-02  0.2121756E-10
 
    >>Normalized Constraint Values:
    -0.21E+00     0.72E-02    -0.19E+00
    -0.46E+00     0.16E-01    -0.42E+00
    -0.12E+01     0.21E-01    -0.11E+01
    -0.18E+01     0.72E-02    -0.18E+01
    -0.15E+01     0.16E-01    -0.15E+01
    -0.82E+00     0.21E-01    -0.77E+00
    -0.10E+00     0.51E-01    -0.78E-04
    -0.40E-01     0.20E-01    -0.12E-03
 
 
    >>Objective:      15.9046       0.0617      15.9663
    >>Coeff of variance:       0.0156
 
    >>Normalized Constraint Values:
    -0.21E+00     0.72E-02    -0.19E+00
    -0.46E+00     0.16E-01    -0.42E+00
    -0.12E+01     0.21E-01    -0.11E+01
    -0.18E+01     0.72E-02    -0.18E+01
    -0.15E+01     0.16E-01    -0.15E+01
    -0.82E+00     0.21E-01    -0.77E+00
    -0.10E+00     0.51E-01     0.11E-03
    -0.40E-01     0.20E-01     0.14E-03
 
 
    >>Objective:      15.9013       0.0614      15.9628
    >>Coeff of variance:       0.0156
   16  0.1596276E+02  0.2195691E-02  0.1418413E-03  0.1468637E-01  0.2121756E-10
 
    >>Normalized Constraint Values:
    -0.21E+00     0.72E-02    -0.19E+00
    -0.46E+00     0.16E-01    -0.42E+00
    -0.12E+01     0.21E-01    -0.11E+01
    -0.18E+01     0.72E-02    -0.18E+01
    -0.15E+01     0.16E-01    -0.15E+01
    -0.82E+00     0.21E-01    -0.77E+00
    -0.10E+00     0.51E-01    -0.34E-03
    -0.40E-01     0.20E-01    -0.10E-03
 
 
    >>Objective:      15.9054       0.0615      15.9668
    >>Coeff of variance:       0.0156
 
    >>Normalized Constraint Values:
    -0.21E+00     0.72E-02    -0.19E+00
    -0.46E+00     0.16E-01    -0.42E+00
    -0.12E+01     0.21E-01    -0.11E+01
    -0.18E+01     0.72E-02    -0.18E+01
    -0.15E+01     0.16E-01    -0.15E+01
    -0.82E+00     0.21E-01    -0.77E+00
    -0.10E+00     0.51E-01     0.82E-04
    -0.40E-01     0.20E-01    -0.76E-04
 
 
    >>Objective:      15.9018       0.0617      15.9634
    >>Coeff of variance:       0.0156
   17  0.1596345E+02  0.1371597E-02  0.1387267E-03  0.3275600E-01  0.2121756E-10
 
    >>Normalized Constraint Values:
    -0.21E+00     0.72E-02    -0.19E+00
    -0.46E+00     0.16E-01    -0.42E+00
    -0.12E+01     0.21E-01    -0.11E+01
    -0.18E+01     0.72E-02    -0.18E+01
    -0.15E+01     0.16E-01    -0.15E+01
    -0.82E+00     0.21E-01    -0.77E+00
    -0.10E+00     0.51E-01     0.88E-04
    -0.40E-01     0.20E-01     0.13E-03
 
 
    >>Objective:      15.8999       0.0614      15.9613
    >>Coeff of variance:       0.0156
   18  0.1596134E+02  0.1038595E-02  0.1513867E-03  0.1361631E-01  0.2121756E-10
