 
    >>Normalized Constraint Values:
  0.11901E+01  0.39628E-01  0.13090E+01     30.03146
 -0.43526E+00  0.16813E-01 -0.38482E+00    -25.88780
 -0.20602E+01  0.21471E-01 -0.19958E+01    -95.95373
 -0.31901E+01  0.39689E-01 -0.30710E+01    -80.37727
 -0.15647E+01  0.16882E-01 -0.15141E+01    -92.68920
  0.60178E-01  0.21475E-01  0.12460E+00      2.80222
  0.13032E+00  0.40917E-01  0.25307E+00      3.18494
  0.22526E+01  0.50846E-01  0.24052E+01     44.30344
 
 
    >>Objective:       7.6597       0.0049       7.6646
    >>Coeff of variance:       0.0091
 
 iter    objective      ||grad||        inf_pr          inf_du         lg(mu)
    0  0.7664638E+01  0.0000000E+00  0.2415186E+01  0.1165575E+01  0.1000000E+01
 
    >>Normalized Constraint Values:
  0.65972E+00  0.22695E-01  0.72781E+00     29.06871
 -0.40661E+00  0.18614E-01 -0.35077E+00    -21.84456
 -0.18448E+01  0.18972E-01 -0.17879E+01    -97.23479
 -0.26597E+01  0.22784E-01 -0.25914E+01   -116.73533
 -0.15934E+01  0.18577E-01 -0.15377E+01    -85.77392
 -0.15522E+00  0.18971E-01 -0.98305E-01     -8.18194
 -0.10757E+00  0.40201E-01  0.13034E-01     -2.67577
  0.14658E+01  0.30736E-01  0.15580E+01     47.69003
 
 
    >>Objective:       9.2613       0.0194       9.2807
    >>Coeff of variance:       0.0150
    1  0.9280652E+01  0.1498225E+01  0.1703641E+01  0.1028721E+02  0.3126641E+00
 
    >>Normalized Constraint Values:
  0.28093E+00  0.10656E-01  0.31289E+00     26.36335
 -0.24839E+00  0.14361E-01 -0.20531E+00    -17.29610
 -0.14150E+01  0.29696E-01 -0.13259E+01    -47.64854
 -0.22809E+01  0.10663E-01 -0.22489E+01   -213.90404
 -0.17516E+01  0.14363E-01 -0.17085E+01   -121.94933
 -0.58504E+00  0.29689E-01 -0.49597E+00    -19.70574
  0.62543E-01  0.51773E-01  0.21786E+00      1.20802
  0.63274E+00  0.31028E-01  0.72583E+00     20.39267
 
 
    >>Objective:       9.7929       0.0163       9.8091
    >>Coeff of variance:       0.0130
    2  0.9809142E+01  0.9529073E+00  0.7788367E+00  0.4258392E+01  0.3479374E+00
 
    >>Normalized Constraint Values:
  0.30332E-01  0.12871E-01  0.68945E-01      2.35656
 -0.29883E+00  0.17201E-01 -0.24723E+00    -17.37289
 -0.13189E+01  0.22984E-01 -0.12499E+01    -57.38249
 -0.20303E+01  0.12870E-01 -0.19917E+01   -157.76030
 -0.17012E+01  0.17203E-01 -0.16496E+01    -98.88818
 -0.68113E+00  0.22966E-01 -0.61223E+00    -29.65851
  0.48259E-01  0.48345E-01  0.19330E+00      0.99822
  0.41184E+00  0.24764E-01  0.48613E+00     16.63030
 
 
    >>Objective:      11.8551       0.0308      11.8859
    >>Coeff of variance:       0.0148
    3  0.1188586E+02  0.1211678E+01  0.4866591E+00  0.1365695E+02  0.3527030E+00
 
    >>Normalized Constraint Values:
 -0.14745E+00  0.56802E-02 -0.13041E+00    -25.95936
 -0.51576E+00  0.11525E-01 -0.48118E+00    -44.75094
 -0.13157E+01  0.27169E-01 -0.12342E+01    -48.42765
 -0.18525E+01  0.56852E-02 -0.18355E+01   -325.85442
 -0.14842E+01  0.11526E-01 -0.14497E+01   -128.76905
 -0.68426E+00  0.27108E-01 -0.60293E+00    -25.24216
 -0.35817E+00  0.43998E-01 -0.22617E+00     -8.14047
  0.12731E+00  0.27250E-01  0.20906E+00      4.67181
 
 
    >>Objective:      13.6976       0.0317      13.7292
    >>Coeff of variance:       0.0130
    4  0.1372922E+02  0.1608505E+01  0.2228701E+00  0.1200188E+02  0.2036160E+00
 
    >>Normalized Constraint Values:
 -0.12279E+00  0.61231E-02 -0.10442E+00    -20.05300
 -0.43183E+00  0.16648E-01 -0.38189E+00    -25.93963
 -0.12079E+01  0.25875E-01 -0.11303E+01    -46.68134
 -0.18772E+01  0.61190E-02 -0.18589E+01   -306.78279
 -0.15682E+01  0.16648E-01 -0.15182E+01    -94.19429
 -0.79210E+00  0.25843E-01 -0.71457E+00    -30.64987
 -0.10096E+00  0.54342E-01  0.62061E-01     -1.85795
  0.63111E-01  0.22201E-01  0.12971E+00      2.84276
 
 
    >>Objective:      13.9959       0.0418      14.0377
    >>Coeff of variance:       0.0146
    5  0.1403768E+02  0.6353731E+00  0.1384343E+00  0.4949334E+01  0.8534938E-01
 
    >>Normalized Constraint Values:
 -0.16037E+00  0.64860E-02 -0.14091E+00    -24.72502
 -0.45017E+00  0.16130E-01 -0.40177E+00    -27.90779
 -0.12071E+01  0.24624E-01 -0.11332E+01    -49.02086
 -0.18396E+01  0.64756E-02 -0.18202E+01   -284.08841
 -0.15498E+01  0.16136E-01 -0.15014E+01    -96.04599
 -0.79290E+00  0.24618E-01 -0.71905E+00    -32.20847
 -0.12672E+00  0.53518E-01  0.33839E-01     -2.36772
  0.25114E-01  0.22151E-01  0.91567E-01      1.13378
 
 
    >>Objective:      14.5855       0.0470      14.6324
    >>Coeff of variance:       0.0149
    6  0.1463243E+02  0.4772373E+00  0.9470178E-01  0.6928626E+01  0.1191638E-01
 
    >>Normalized Constraint Values:
 -0.25368E+00  0.84160E-02 -0.22843E+00    -30.14259
 -0.48283E+00  0.14185E-01 -0.44027E+00    -34.03748
 -0.12012E+01  0.20631E-01 -0.11393E+01    -58.22159
 -0.17463E+01  0.84129E-02 -0.17211E+01   -207.57736
 -0.15172E+01  0.14190E-01 -0.14746E+01   -106.91690
 -0.79883E+00  0.20629E-01 -0.73694E+00    -38.72418
 -0.17573E+00  0.47002E-01 -0.34724E-01     -3.73878
 -0.37108E-01  0.20647E-01  0.24834E-01     -1.79722
 
 
    >>Objective:      16.1462       0.0628      16.2090
    >>Coeff of variance:       0.0155
    7  0.1620900E+02  0.6839808E+00  0.3043625E-01  0.3989646E+01  0.1814976E-01
 
    >>Normalized Constraint Values:
 -0.25020E+00  0.80582E-02 -0.22602E+00    -31.04898
 -0.47705E+00  0.14243E-01 -0.43432E+00    -33.49326
 -0.11850E+01  0.19117E-01 -0.11277E+01    -61.98662
 -0.17498E+01  0.80540E-02 -0.17256E+01   -217.26007
 -0.15230E+01  0.14239E-01 -0.14802E+01   -106.95875
 -0.81499E+00  0.19107E-01 -0.75767E+00    -42.65372
 -0.14618E+00  0.46257E-01 -0.74106E-02     -3.16021
 -0.61669E-01  0.19246E-01 -0.39303E-02     -3.20421
 
 
    >>Objective:      16.6500       0.0679      16.7180
    >>Coeff of variance:       0.0157
    8  0.1671795E+02  0.2773042E+00  0.6243671E-02  0.1938276E+01  0.2017922E-02
 
    >>Normalized Constraint Values:
 -0.22901E+00  0.74445E-02 -0.20667E+00    -30.76173
 -0.47279E+00  0.14369E-01 -0.42968E+00    -32.90368
 -0.11829E+01  0.19307E-01 -0.11250E+01    -61.26975
 -0.17710E+01  0.74357E-02 -0.17487E+01   -238.17497
 -0.15272E+01  0.14356E-01 -0.14841E+01   -106.37850
 -0.81708E+00  0.19267E-01 -0.75928E+00    -42.40788
 -0.13712E+00  0.46473E-01  0.23010E-02     -2.95049
 -0.57774E-01  0.18816E-01 -0.13274E-02     -3.07055
 
 
    >>Objective:      16.4719       0.0644      16.5363
    >>Coeff of variance:       0.0154
    9  0.1653630E+02  0.1284343E+00  0.3236611E-02  0.9337761E+00  0.1628826E-02
 
    >>Normalized Constraint Values:
 -0.22575E+00  0.73103E-02 -0.20382E+00    -30.88136
 -0.47309E+00  0.14304E-01 -0.43018E+00    -33.07405
 -0.11832E+01  0.19302E-01 -0.11253E+01    -61.30035
 -0.17742E+01  0.73301E-02 -0.17523E+01   -242.04982
 -0.15269E+01  0.14303E-01 -0.14840E+01   -106.75672
 -0.81680E+00  0.19298E-01 -0.75891E+00    -42.32549
 -0.13861E+00  0.46367E-01  0.49310E-03     -2.98937
 -0.56541E-01  0.18769E-01 -0.23537E-03     -3.01254
 
 
    >>Objective:      16.4357       0.0639      16.4996
    >>Coeff of variance:       0.0154
   10  0.1649959E+02  0.1709717E-01  0.5915427E-03  0.4598675E-01  0.6739234E-04
 
    >>Normalized Constraint Values:
 -0.22568E+00  0.73280E-02 -0.20369E+00    -30.79658
 -0.47317E+00  0.14292E-01 -0.43029E+00    -33.10674
 -0.11832E+01  0.19328E-01 -0.11252E+01    -61.21850
 -0.17743E+01  0.73335E-02 -0.17523E+01   -241.94690
 -0.15268E+01  0.14292E-01 -0.14840E+01   -106.83381
 -0.81679E+00  0.19327E-01 -0.75881E+00    -42.26056
 -0.13897E+00  0.46340E-01  0.54839E-04     -2.99882
 -0.56268E-01  0.18767E-01  0.33834E-04     -2.99820
 
 
    >>Objective:      16.4301       0.0637      16.4939
    >>Coeff of variance:       0.0154
   11  0.1649387E+02  0.6057608E-03  0.7600249E-04  0.1805103E-01  0.2235112E-05
 
 The solution was found.
 
 The final value of the objective function is    16.4938664656014     
 
 The optimal values of X are:
 
 X  (           1 ) =    4.99999851359283      in^2
 X  (           2 ) =    1.97360289957085      in^2
 X  (           3 ) =    3.12620149082781      in^2
 X  (           4 ) =    37.5179772221800      deg
 X  (           5 ) =    60.0000067810589      deg
 X  (           6 ) =    148.181401980757      deg
 
 The multipliers for the equality constraints are:
 
 LAM(           1 ) =   1.076607193932055E-005
 LAM(           2 ) =   5.250753581701346E-006
 LAM(           3 ) =   1.971647176377869E-006
 LAM(           4 ) =   1.272334872855944E-006
 LAM(           5 ) =   1.516136408960215E-006
 LAM(           6 ) =   2.930551472646358E-006
 LAM(           7 ) =    1.87978212625209     
 LAM(           8 ) =    27.5398942454922     
 
Weight, variance, SD, CV:      16.4301       0.0637       0.2525       0.0154
