  0.631883469377794        1.03332397501026        2.63105156337006     
   16.5071531584311     
  0.634620788781636        1.04318532107919        2.54815031115469     
   15.7162888929277     
  0.642595570630879        1.07952418740857        2.59645001921231     
   15.9895829614101     
  0.691063425437132       0.996518972058892        2.55592171821781     
   15.2494987465735     
  0.701504013627201        1.01491427035256        2.64589784806155     
   15.9754452329165     
  0.624272241489402        1.05197558125968        2.60625647418350     
   16.3240928274491     
  0.601714606354821        1.06308855808641        2.62265567648218     
   16.7518555008139     
  0.686718137341209        1.09738676368603        2.57976533395823     
   15.3646948205120     
  0.670388280153692        1.08602029632313        2.56021289926450     
   15.3755937939661     
  0.622124844559547        1.09005259203525        2.63157438487144     
   16.5613069104516     
  0.607313998768674        1.07051314783951        2.57016777719349     
   16.1880610362890     
  0.684062511249893        1.06175463105002        2.63769096988237     
   15.9908166778390     
  0.663604209936869        1.03050679675171        2.62058833323602     
   16.0548562097360     
  0.678721953287888        1.01772767042280        2.59041412277445     
   15.6305021404486     
  0.696800569786906        1.00346124544770        2.57881700969140     
   15.3744862932045     
  0.615962782438448        1.04113190203604        2.56530966746320     
   16.0754636248586     
  0.666969607297834        1.07810563176572        2.61125386140506     
   15.8706384465159     
  0.655635718454943        1.02572246565700        2.54472329892213     
   15.4799149786657     
  0.652200497886561        1.05319084491757        2.60499271944579     
   15.9944587365135     
  0.648449404158530        1.01007673890331        2.58848021500007     
   15.9378960354769     
