 
    >>Normalized Constraint Values:
  0.11901E+01  0.39721E-01  0.12695E+01     29.96068
 -0.43526E+00  0.16856E-01 -0.40154E+00    -25.82137
 -0.20602E+01  0.21470E-01 -0.20172E+01    -95.95439
 -0.31901E+01  0.39743E-01 -0.31106E+01    -80.26720
 -0.15647E+01  0.16783E-01 -0.15312E+01    -93.23389
  0.60183E-01  0.21475E-01  0.10313E+00      2.80246
  0.13032E+00  0.41019E-01  0.21236E+00      3.17708
  0.22527E+01  0.50885E-01  0.23544E+01     44.26954
 
 
    >>Objective:       7.6597       0.0049       7.6646
    >>Coeff of variance:       0.0091
 
 iter    objective      ||grad||        inf_pr          inf_du         lg(mu)
    0  0.7664628E+01  0.0000000E+00  0.2364424E+01  0.1189723E+01  0.1000000E+01
 
    >>Normalized Constraint Values:
  0.66463E+00  0.22673E-01  0.70997E+00     29.31316
 -0.40872E+00  0.18595E-01 -0.37153E+00    -21.97967
 -0.18431E+01  0.18980E-01 -0.18051E+01    -97.10466
 -0.26646E+01  0.22676E-01 -0.26193E+01   -117.51000
 -0.15913E+01  0.18599E-01 -0.15541E+01    -85.55962
 -0.15693E+00  0.18983E-01 -0.11897E+00     -8.26703
 -0.10305E+00  0.40167E-01 -0.22721E-01     -2.56565
  0.14645E+01  0.30635E-01  0.15258E+01     47.80403
 
 
    >>Objective:       9.2748       0.0195       9.2943
    >>Coeff of variance:       0.0150
    1  0.9294288E+01  0.1516266E+01  0.1674815E+01  0.1044121E+02  0.3233700E+00
 
    >>Normalized Constraint Values:
  0.29794E+00  0.96894E-02  0.31732E+00     30.74880
 -0.26977E+00  0.12718E-01 -0.24433E+00    -21.21104
 -0.14548E+01  0.30365E-01 -0.13941E+01    -47.90963
 -0.22979E+01  0.97298E-02 -0.22785E+01   -236.17443
 -0.17302E+01  0.12716E-01 -0.17048E+01   -136.06475
 -0.54521E+00  0.30337E-01 -0.48454E+00    -17.97175
 -0.12068E-01  0.49110E-01  0.86152E-01     -0.24574
  0.66391E+00  0.32984E-01  0.72987E+00     20.12839
 
 
    >>Objective:       9.6843       0.0151       9.6994
    >>Coeff of variance:       0.0127
    2  0.9699371E+01  0.9766451E+00  0.8039165E+00  0.5233255E+01  0.3671954E+00
 
    >>Normalized Constraint Values:
  0.98973E-02  0.14033E-01  0.37963E-01      0.70530
 -0.30318E+00  0.16684E-01 -0.26981E+00    -18.17131
 -0.13326E+01  0.21527E-01 -0.12896E+01    -61.90583
 -0.20099E+01  0.14020E-01 -0.19819E+01   -143.36383
 -0.16968E+01  0.16671E-01 -0.16635E+01   -101.78064
 -0.66738E+00  0.21490E-01 -0.62440E+00    -31.05516
  0.18641E-01  0.43491E-01  0.10562E+00      0.42862
  0.45219E+00  0.25375E-01  0.50294E+00     17.82037
 
 
    >>Objective:      11.9527       0.0318      11.9846
    >>Coeff of variance:       0.0149
    3  0.1198457E+02  0.1008476E+01  0.5036820E+00  0.1790734E+02  0.4037857E+00
 
    >>Normalized Constraint Values:
 -0.15647E+00  0.70280E-02 -0.14242E+00    -22.26437
 -0.50160E+00  0.11411E-01 -0.47878E+00    -43.95951
 -0.12956E+01  0.25695E-01 -0.12442E+01    -50.42136
 -0.18435E+01  0.70160E-02 -0.18295E+01   -262.75882
 -0.14984E+01  0.11416E-01 -0.14756E+01   -131.24921
 -0.70443E+00  0.25662E-01 -0.65310E+00    -27.45047
 -0.31840E+00  0.42539E-01 -0.23332E+00     -7.48483
  0.12310E+00  0.24840E-01  0.17278E+00      4.95584
 
 
    >>Objective:      13.7370       0.0323      13.7694
    >>Coeff of variance:       0.0131
    4  0.1376938E+02  0.1316603E+01  0.1898864E+00  0.8125866E+01  0.2275242E+00
 
    >>Normalized Constraint Values:
 -0.15582E+00  0.69028E-02 -0.14201E+00    -22.57297
 -0.42256E+00  0.17409E-01 -0.38774E+00    -24.27188
 -0.11779E+01  0.24172E-01 -0.11295E+01    -48.72886
 -0.18442E+01  0.68900E-02 -0.18304E+01   -267.66033
 -0.15774E+01  0.17402E-01 -0.15426E+01    -90.64438
 -0.82215E+00  0.24219E-01 -0.77371E+00    -33.94644
 -0.47638E-01  0.55624E-01  0.63610E-01     -0.85644
  0.17151E-01  0.20905E-01  0.58962E-01      0.82043
 
 
    >>Objective:      14.6493       0.0500      14.6994
    >>Coeff of variance:       0.0153
    5  0.1469936E+02  0.5927161E+00  0.6626924E-01  0.3163687E+01  0.5819107E-01
 
    >>Normalized Constraint Values:
 -0.18404E+00  0.70139E-02 -0.17001E+00    -26.23945
 -0.45183E+00  0.16118E-01 -0.41960E+00    -28.03214
 -0.11972E+01  0.23475E-01 -0.11503E+01    -51.00128
 -0.18160E+01  0.70101E-02 -0.18019E+01   -259.05088
 -0.15482E+01  0.16118E-01 -0.15159E+01    -96.05475
 -0.80277E+00  0.23467E-01 -0.75583E+00    -34.20890
 -0.11504E+00  0.53304E-01 -0.84377E-02     -2.15829
 -0.84374E-03  0.21637E-01  0.42430E-01     -0.03900
 
 
    >>Objective:      15.0499       0.0524      15.1023
    >>Coeff of variance:       0.0152
    6  0.1510233E+02  0.5086043E+00  0.4472749E-01  0.1092496E+02  0.5013145E-01
 
    >>Normalized Constraint Values:
 -0.22256E+00  0.78014E-02 -0.20696E+00    -28.52799
 -0.46171E+00  0.15678E-01 -0.43035E+00    -29.44847
 -0.11915E+01  0.21420E-01 -0.11487E+01    -55.62727
 -0.17774E+01  0.77881E-02 -0.17619E+01   -228.22611
 -0.15383E+01  0.15682E-01 -0.15069E+01    -98.09450
 -0.80847E+00  0.21457E-01 -0.76555E+00    -37.67778
 -0.11878E+00  0.52015E-01 -0.14748E-01     -2.28353
 -0.38146E-01  0.21290E-01  0.44329E-02     -1.79178
 
 
    >>Objective:      15.9170       0.0631      15.9800
    >>Coeff of variance:       0.0158
    7  0.1598001E+02  0.2234181E+00  0.8595512E-02  0.2531961E+01  0.4129384E-02
 
    >>Normalized Constraint Values:
 -0.21900E+00  0.76733E-02 -0.20365E+00    -28.54074
 -0.45777E+00  0.15776E-01 -0.42622E+00    -29.01708
 -0.11857E+01  0.21091E-01 -0.11436E+01    -56.22180
 -0.17810E+01  0.76794E-02 -0.17656E+01   -231.91952
 -0.15422E+01  0.15776E-01 -0.15107E+01    -97.75837
 -0.81426E+00  0.21128E-01 -0.77200E+00    -38.53887
 -0.10586E+00  0.51767E-01 -0.23237E-02     -2.04489
 -0.42490E-01  0.20695E-01 -0.10999E-02     -2.05315
 
 
    >>Objective:      15.9889       0.0638      16.0528
    >>Coeff of variance:       0.0158
    8  0.1605275E+02  0.6636634E-01  0.9672130E-03  0.6146953E+00  0.3338201E-02
 
    >>Normalized Constraint Values:
 -0.20631E+00  0.72274E-02 -0.19186E+00    -28.54574
 -0.45613E+00  0.15685E-01 -0.42476E+00    -29.08102
 -0.11832E+01  0.20971E-01 -0.11412E+01    -56.41899
 -0.17937E+01  0.72266E-02 -0.17792E+01   -248.20806
 -0.15439E+01  0.15681E-01 -0.15125E+01    -98.45725
 -0.81682E+00  0.21009E-01 -0.77480E+00    -38.87884
 -0.10215E+00  0.51272E-01  0.39201E-03     -1.99235
 -0.41300E-01  0.20167E-01 -0.96693E-03     -2.04795
 
 
    >>Objective:      15.9271       0.0621      15.9892
    >>Coeff of variance:       0.0156
    9  0.1598918E+02  0.9246494E-01  0.1144855E-02  0.2413633E+00  0.2981477E-03
 
    >>Normalized Constraint Values:
 -0.20551E+00  0.72022E-02 -0.19111E+00    -28.53494
 -0.45598E+00  0.15683E-01 -0.42462E+00    -29.07446
 -0.11833E+01  0.21012E-01 -0.11412E+01    -56.31419
 -0.17945E+01  0.72147E-02 -0.17801E+01   -248.72788
 -0.15440E+01  0.15682E-01 -0.15127E+01    -98.46013
 -0.81673E+00  0.21067E-01 -0.77459E+00    -38.76749
 -0.10233E+00  0.51323E-01  0.31748E-03     -1.99381
 -0.40283E-01  0.20196E-01  0.10985E-03     -1.99456
 
 
    >>Objective:      15.9015       0.0616      15.9631
    >>Coeff of variance:       0.0156
   10  0.1596309E+02  0.3961051E-02  0.3306029E-03  0.4530598E-01  0.1570548E-04
 
    >>Normalized Constraint Values:
 -0.20570E+00  0.72096E-02 -0.19128E+00    -28.53075
 -0.45612E+00  0.15669E-01 -0.42478E+00    -29.10926
 -0.11833E+01  0.20969E-01 -0.11413E+01    -56.42964
 -0.17943E+01  0.72200E-02 -0.17799E+01   -248.51881
 -0.15439E+01  0.15667E-01 -0.15125E+01    -98.54579
 -0.81672E+00  0.20961E-01 -0.77479E+00    -38.96293
 -0.10264E+00  0.51193E-01 -0.25537E-03     -2.00499
 -0.40387E-01  0.20174E-01 -0.39599E-04     -2.00196
 
 
    >>Objective:      15.9052       0.0613      15.9664
    >>Coeff of variance:       0.0156
   11  0.1596644E+02  0.1419464E-02  0.2552405E-03  0.1327773E-01  0.3523908E-06
 
    >>Normalized Constraint Values:
 -0.20566E+00  0.72262E-02 -0.19121E+00    -28.46065
 -0.45602E+00  0.15678E-01 -0.42466E+00    -29.08681
 -0.11832E+01  0.21017E-01 -0.11412E+01    -56.29975
 -0.17943E+01  0.72230E-02 -0.17799E+01   -248.42086
 -0.15440E+01  0.15682E-01 -0.15126E+01    -98.45825
 -0.81677E+00  0.21029E-01 -0.77471E+00    -38.83976
 -0.10239E+00  0.51261E-01  0.13078E-03     -1.99745
 -0.40341E-01  0.20098E-01 -0.14381E-03     -2.00716
 
 
    >>Objective:      15.9035       0.0611      15.9646
    >>Coeff of variance:       0.0155
   12  0.1596458E+02  0.1039242E-02  0.1438176E-03  0.2933417E-01  0.4543891E-08
 
    >>Normalized Constraint Values:
 -0.20555E+00  0.72092E-02 -0.19113E+00    -28.51256
 -0.45603E+00  0.15681E-01 -0.42467E+00    -29.08208
 -0.11833E+01  0.21034E-01 -0.11412E+01    -56.25604
 -0.17944E+01  0.72153E-02 -0.17800E+01   -248.69991
 -0.15440E+01  0.15678E-01 -0.15126E+01    -98.47973
 -0.81669E+00  0.20962E-01 -0.77477E+00    -38.96043
 -0.10250E+00  0.51242E-01 -0.17892E-04     -2.00035
 -0.40198E-01  0.20154E-01  0.11027E-03     -1.99453
 
 
    >>Objective:      15.9000       0.0613      15.9613
    >>Coeff of variance:       0.0156
   13  0.1596128E+02  0.8108998E-03  0.1362396E-03  0.1688484E-01  0.6981754E-10
 
 The solution was found.
 
 The final value of the objective function is    15.9612815326694     
 
 The optimal values of X are:
 
 X  (           1 ) =    5.00000000000000      in^2
 X  (           2 ) =    1.82207380711552      in^2
 X  (           3 ) =    2.89438210457664      in^2
 X  (           4 ) =    37.4623376227806      deg
 X  (           5 ) =    60.0000000000000      deg
 X  (           6 ) =    148.655239709271      deg
 
 The multipliers for the equality constraints are:
 
 LAM(           1 ) =   3.821118413209197E-010
 LAM(           2 ) =   1.642006836833497E-010
 LAM(           3 ) =   6.129107743631515E-011
 LAM(           4 ) =   3.906567907194775E-011
 LAM(           5 ) =   4.620876139268289E-011
 LAM(           6 ) =   9.168628975418047E-011
 LAM(           7 ) =    2.50451241097285     
 LAM(           8 ) =    26.4483133399362     
 
Weight, variance, SD, CV:      15.9000       0.0613       0.2475       0.0156
