 
    >>Normalized Constraint Values:
  0.11901E+01  0.39675E-01  0.12297E+01     29.99519
 -0.43525E+00  0.16799E-01 -0.41846E+00    -25.90880
 -0.20602E+01  0.21485E-01 -0.20387E+01    -95.89043
 -0.31901E+01  0.39944E-01 -0.31501E+01    -79.86454
 -0.15647E+01  0.16819E-01 -0.15479E+01    -93.03520
  0.60181E-01  0.21467E-01  0.81647E-01      2.80344
  0.13032E+00  0.40987E-01  0.17131E+00      3.17958
  0.22526E+01  0.50824E-01  0.23035E+01     44.32231
 
 
    >>Objective:       7.6597       0.0049       7.6646
    >>Coeff of variance:       0.0091
 
 iter    objective      ||grad||        inf_pr          inf_du         lg(mu)
    0  0.7664642E+01  0.0000000E+00  0.2313466E+01  0.1263973E+01  0.1000000E+01
 
    >>Normalized Constraint Values:
  0.65114E+00  0.22196E-01  0.67334E+00     29.33651
 -0.40840E+00  0.18592E-01 -0.38981E+00    -21.96603
 -0.18292E+01  0.19076E-01 -0.18102E+01    -95.89245
 -0.26511E+01  0.22170E-01 -0.26290E+01   -119.58220
 -0.15916E+01  0.18591E-01 -0.15730E+01    -85.61231
 -0.17075E+00  0.19073E-01 -0.15168E+00     -8.95227
 -0.10333E+00  0.39715E-01 -0.63612E-01     -2.60173
  0.14325E+01  0.30603E-01  0.14631E+01     46.80891
 
 
    >>Objective:       9.3459       0.0199       9.3658
    >>Coeff of variance:       0.0151
    1  0.9365784E+01  0.1557217E+01  0.1629945E+01  0.1046759E+02  0.3553337E+00
 
    >>Normalized Constraint Values:
  0.30689E+00  0.86130E-02  0.31551E+00     35.63139
 -0.29433E+00  0.10826E-01 -0.28350E+00    -27.18702
 -0.14944E+01  0.30982E-01 -0.14634E+01    -48.23389
 -0.23069E+01  0.86411E-02 -0.22983E+01   -266.96714
 -0.17057E+01  0.10815E-01 -0.16949E+01   -157.71576
 -0.50560E+00  0.30939E-01 -0.47466E+00    -16.34190
 -0.94368E-01  0.45574E-01 -0.48794E-01     -2.07067
  0.69369E+00  0.35197E-01  0.72889E+00     19.70904
 
 
    >>Objective:       9.6168       0.0142       9.6309
    >>Coeff of variance:       0.0124
    2  0.9630914E+01  0.1017082E+01  0.8231388E+00  0.5386637E+01  0.3968160E+00
 
    >>Normalized Constraint Values:
 -0.26449E-01  0.14716E-01 -0.11733E-01     -1.79727
 -0.30059E+00  0.17316E-01 -0.28327E+00    -17.35903
 -0.13184E+01  0.19409E-01 -0.12990E+01    -67.92507
 -0.19736E+01  0.14693E-01 -0.19589E+01   -134.31816
 -0.16994E+01  0.17301E-01 -0.16821E+01    -98.22741
 -0.68164E+00  0.19441E-01 -0.66220E+00    -35.06128
  0.21261E-01  0.40761E-01  0.62023E-01      0.52160
  0.47148E+00  0.26347E-01  0.49782E+00     17.89462
 
 
    >>Objective:      12.3875       0.0387      12.4262
    >>Coeff of variance:       0.0159
    3  0.1242624E+02  0.9349526E+00  0.4987664E+00  0.2213032E+02  0.4395527E+00
 
    >>Normalized Constraint Values:
 -0.11096E+00  0.85662E-02 -0.10240E+00    -12.95363
 -0.44376E+00  0.12970E-01 -0.43079E+00    -34.21353
 -0.12714E+01  0.25195E-01 -0.12462E+01    -50.46148
 -0.18890E+01  0.85785E-02 -0.18805E+01   -220.20568
 -0.15562E+01  0.12978E-01 -0.15433E+01   -119.90952
 -0.72864E+00  0.25158E-01 -0.70349E+00    -28.96316
 -0.19710E+00  0.44404E-01 -0.15270E+00     -4.43889
  0.18014E+00  0.23184E-01  0.20332E+00      7.77015
 
 
    >>Objective:      13.1361       0.0317      13.1678
    >>Coeff of variance:       0.0136
    4  0.1316780E+02  0.9626709E+00  0.2286101E+00  0.2474572E+01  0.3097909E+00
 
    >>Normalized Constraint Values:
 -0.16861E+00  0.73627E-02 -0.16125E+00    -22.90031
 -0.45701E+00  0.15013E-01 -0.44200E+00    -30.44072
 -0.12230E+01  0.24482E-01 -0.11985E+01    -49.95570
 -0.18314E+01  0.73685E-02 -0.18240E+01   -248.54378
 -0.15430E+01  0.15014E-01 -0.15280E+01   -102.77263
 -0.77698E+00  0.24427E-01 -0.75255E+00    -31.80855
 -0.16006E+00  0.50192E-01 -0.10987E+00     -3.18897
  0.53010E-01  0.22162E-01  0.75172E-01      2.39194
 
 
    >>Objective:      14.3784       0.0443      14.4228
    >>Coeff of variance:       0.0146
    5  0.1442277E+02  0.7298761E+00  0.7542512E-01  0.2484976E+01  0.7159576E-01
 
    >>Normalized Constraint Values:
 -0.13764E+00  0.64072E-02 -0.13124E+00    -21.48277
 -0.41574E+00  0.18372E-01 -0.39737E+00    -22.62953
 -0.11831E+01  0.25624E-01 -0.11575E+01    -46.17155
 -0.18624E+01  0.64115E-02 -0.18559E+01   -290.47309
 -0.15843E+01  0.18366E-01 -0.15659E+01    -86.25867
 -0.81689E+00  0.25640E-01 -0.79125E+00    -31.85973
 -0.31146E-01  0.59942E-01  0.28796E-01     -0.51960
  0.19935E-01  0.22643E-01  0.42579E-01      0.88040
 
 
    >>Objective:      14.4314       0.0493      14.4807
    >>Coeff of variance:       0.0154
    6  0.1448074E+02  0.8583909E+00  0.4307055E-01  0.2416666E+01  0.1544107E-01
 
    >>Normalized Constraint Values:
 -0.16359E+00  0.68490E-02 -0.15674E+00    -23.88567
 -0.42695E+00  0.18026E-01 -0.40892E+00    -23.68516
 -0.11839E+01  0.24966E-01 -0.11590E+01    -47.42181
 -0.18364E+01  0.68399E-02 -0.18296E+01   -268.48564
 -0.15730E+01  0.18015E-01 -0.15550E+01    -87.31739
 -0.81605E+00  0.24932E-01 -0.79112E+00    -32.73170
 -0.49422E-01  0.59272E-01  0.98497E-02     -0.83382
  0.90928E-03  0.22801E-01  0.23710E-01      0.03988
 
 
    >>Objective:      14.7712       0.0531      14.8243
    >>Coeff of variance:       0.0156
    7  0.1482431E+02  0.2398462E+00  0.2415677E-01  0.5742385E+01  0.1155432E-01
 
    >>Normalized Constraint Values:
 -0.18627E+00  0.73069E-02 -0.17896E+00    -25.49233
 -0.43601E+00  0.17627E-01 -0.41838E+00    -24.73467
 -0.11856E+01  0.23773E-01 -0.11619E+01    -49.87308
 -0.18137E+01  0.72982E-02 -0.18064E+01   -248.51796
 -0.15640E+01  0.17622E-01 -0.15464E+01    -88.75393
 -0.81437E+00  0.23812E-01 -0.79056E+00    -34.19976
 -0.61235E-01  0.58552E-01 -0.26832E-02     -1.04583
 -0.19092E-01  0.22925E-01  0.38331E-02     -0.83280
 
 
    >>Objective:      15.2289       0.0591      15.2880
    >>Coeff of variance:       0.0160
    8  0.1528800E+02  0.1396638E+00  0.3923899E-02  0.7716986E+00  0.8418596E-03
 
    >>Normalized Constraint Values:
 -0.18519E+00  0.72016E-02 -0.17799E+00    -25.71487
 -0.43601E+00  0.17627E-01 -0.41839E+00    -24.73509
 -0.11846E+01  0.23558E-01 -0.11611E+01    -50.28493
 -0.18148E+01  0.71897E-02 -0.18076E+01   -252.41743
 -0.15640E+01  0.17626E-01 -0.15464E+01    -88.73251
 -0.81539E+00  0.23581E-01 -0.79181E+00    -34.57797
 -0.58866E-01  0.58567E-01 -0.29917E-03     -1.00511
 -0.23224E-01  0.22872E-01 -0.35150E-03     -1.01537
 
 
    >>Objective:      15.3122       0.0600      15.3722
    >>Coeff of variance:       0.0160
    9  0.1537222E+02  0.4028964E-01  0.3472122E-03  0.2742450E+00  0.4915833E-04
 
    >>Normalized Constraint Values:
 -0.18110E+00  0.70416E-02 -0.17405E+00    -25.71812
 -0.43578E+00  0.17616E-01 -0.41816E+00    -24.73808
 -0.11845E+01  0.23602E-01 -0.11609E+01    -50.18529
 -0.18189E+01  0.70484E-02 -0.18119E+01   -258.05786
 -0.15642E+01  0.17613E-01 -0.15466E+01    -88.80928
 -0.81552E+00  0.23560E-01 -0.79196E+00    -34.61380
 -0.58351E-01  0.58500E-01  0.14949E-03     -0.99744
 -0.23036E-01  0.22775E-01 -0.26052E-03     -1.01144
 
 
    >>Objective:      15.3011       0.0594      15.3605
    >>Coeff of variance:       0.0159
   10  0.1536049E+02  0.2611972E-01  0.2560007E-03  0.1509832E+00  0.1151649E-03
 
    >>Normalized Constraint Values:
 -0.18055E+00  0.70372E-02 -0.17352E+00    -25.65676
 -0.43569E+00  0.17570E-01 -0.41812E+00    -24.79788
 -0.11840E+01  0.23479E-01 -0.11605E+01    -50.42720
 -0.18194E+01  0.70365E-02 -0.18124E+01   -258.57204
 -0.15643E+01  0.17573E-01 -0.15467E+01    -89.01917
 -0.81603E+00  0.23538E-01 -0.79249E+00    -34.66938
 -0.58313E-01  0.58191E-01 -0.12212E-03     -1.00210
 -0.22698E-01  0.22654E-01 -0.43980E-04     -1.00194
 
 
    >>Objective:      15.2949       0.0590      15.3539
    >>Coeff of variance:       0.0159
   11  0.1535392E+02  0.8039954E-02  0.1450471E-03  0.1748155E+00  0.7563054E-05
 
    >>Normalized Constraint Values:
 -0.18035E+00  0.70056E-02 -0.17335E+00    -25.74418
 -0.43564E+00  0.17576E-01 -0.41806E+00    -24.78651
 -0.11840E+01  0.23489E-01 -0.11605E+01    -50.40503
 -0.18196E+01  0.70183E-02 -0.18126E+01   -259.27068
 -0.15644E+01  0.17577E-01 -0.15468E+01    -89.00261
 -0.81602E+00  0.23559E-01 -0.79246E+00    -34.63745
 -0.58188E-01  0.58260E-01  0.71793E-04     -0.99877
 -0.22670E-01  0.22665E-01 -0.45332E-05     -1.00020
 
 
    >>Objective:      15.2933       0.0592      15.3525
    >>Coeff of variance:       0.0159
   12  0.1535255E+02  0.1175250E-02  0.7184445E-04  0.9449712E-02  0.9721846E-07
 
    >>Normalized Constraint Values:
 -0.18038E+00  0.70122E-02 -0.17337E+00    -25.72404
 -0.43566E+00  0.17576E-01 -0.41809E+00    -24.78768
 -0.11840E+01  0.23525E-01 -0.11605E+01    -50.32891
 -0.18196E+01  0.70295E-02 -0.18126E+01   -258.85414
 -0.15643E+01  0.17583E-01 -0.15468E+01    -88.97048
 -0.81600E+00  0.23457E-01 -0.79254E+00    -34.78724
 -0.58260E-01  0.58260E-01 -0.79466E-06     -1.00001
 -0.22672E-01  0.22647E-01 -0.24748E-04     -1.00109
 
 
    >>Objective:      15.2935       0.0588      15.3522
    >>Coeff of variance:       0.0159
   13  0.1535224E+02  0.2041641E-03  0.9794889E-04  0.1561780E-01  0.2244450E-08
 
 The solution was found.
 
 The final value of the objective function is    15.3522389787146     
 
 The optimal values of X are:
 
 X  (           1 ) =    5.00000000000000      in^2
 X  (           2 ) =    1.64617986638276      in^2
 X  (           3 ) =    2.62839723046165      in^2
 X  (           4 ) =    37.4840901688055      deg
 X  (           5 ) =    60.0000000000000      deg
 X  (           6 ) =    149.409940372502      deg
 
 The multipliers for the equality constraints are:
 
 LAM(           1 ) =   1.274861535353732E-008
 LAM(           2 ) =   5.359728544396766E-009
 LAM(           3 ) =   1.933303884306111E-009
 LAM(           4 ) =   1.238627443066397E-009
 LAM(           5 ) =   1.452398351695471E-009
 LAM(           6 ) =   2.837309675434816E-009
 LAM(           7 ) =    3.32610642686343     
 LAM(           8 ) =    25.2328493832990     
 
Weight, variance, SD, CV:      15.2935       0.0588       0.2424       0.0159
