  0.599280585994956       9.121271636377713E-002  0.135358896773006     
  0.208808905308978       0.612124006920843       0.776978095280124     
  0.451271535803312       0.868184329364661       0.670847441331864     
  0.620702291754240       0.374023692340419       0.932946527483506     
  0.743417531875193       0.516197231092658       0.532287444513583     
  0.818458264887503       0.126862988678654       0.255079968436079     
  2.805798064213130E-002  0.486250745959801       0.829029554047500     
  0.170480677188603       0.716287422885392       0.399714902084513     
  0.968741571372817       0.942716449237370       8.359422864118522E-003
  0.339590123917490       0.235362370373380       0.496820084650929     
