  0.143645377475162       0.834841417652039       0.995820552618535     
  0.297859263765828       0.979706508725108       0.306027900360219     
  0.570646154726067       0.577292169245984       0.710921359555648     
  0.849922499314073       4.948854145774563E-002  0.505290061470443     
  4.744601591586500E-002  0.453916324234322       0.160063138422054     
  0.225189540033384       0.371661409721340       0.781167468394914     
  0.710599363436642       0.513313205778508       0.681641340967293     
  0.193501289043841       0.155049531187153       0.246017665365153     
  0.676164998427592       0.667470666959644       0.368901832945067     
  0.905128595747308       0.729499606241545       0.583106324509416     
  0.396308729560608       0.899882127807582       0.417996059132719     
  0.460817766217325       0.268922106277560       5.976585958090558E-002
  0.764196824171854       0.123840223728278       0.934801984941986     
  0.856023868944189       0.932640222310526       0.866960950831435     
  0.993165350327395       0.434216401972965       0.812700638971879     
  0.530042990821711       0.625067989980907       0.109639211631635     
  0.432546767140207       0.317707631348493       0.256229901432769     
  0.313515354325987       0.762160089826575       0.605953386079184     
  5.256016885501796E-002  0.224629726038239       8.559838127153715E-003
  0.628757948556681       5.180554653126788E-002  0.465199410665537     
