  0.500000000000000       0.500000000000000       0.115988299132488     
  0.720063259741879       4.692247661395462E-002  0.103206513568465     
  0.257643439728417       0.170820958476557       0.739607346784485     
  0.619428074322689       0.949098461921012       0.938171493128033     
  7.679687639911843E-002  0.269337672963349       0.198785871945931     
  0.547743184696907       0.573097199956153       0.235494693604460     
  0.413060757202930       0.854052274419320       0.943725296610507     
  0.319734070843832       0.506849649939655       3.368657051849065E-002
  0.622066565194373       0.749138102577684       0.283287575868868     
  0.974616349833062       0.845866593288732       0.640149563186860     
  0.321938670218373       0.414761120742203       0.665335628806189     
  0.153314250051031       0.716966007138941       0.489442755572730     
  0.837155697445808       0.801235030115978       0.444228066631211     
  0.462414327560306     
