  0.705977567819952       0.460180623291782       0.667473952523042     
  0.850696640943886       0.812878524823376       2.043434963815458E-002
  0.715587207988176       0.692223860758517       0.497257231060924     
  0.774204658425362       0.134999202733320       0.645139594044414     
  0.114837014662063       3.028916043282556E-003  0.575442820782435     
  0.979991140073774       0.421277656422356       0.238917465372557     
  9.680551322235845E-002  0.485000068161120       0.600126240036635     
  0.967403595160406       0.639002738837468       0.693144867272922     
  0.923652441470893       0.333317364867341       0.414355691169817     
  0.626583809603560       0.593522758186427       0.818958634026947     
  0.279802303651612       0.794139703340050       0.766333523622650     
  0.565888908642097       0.734565472259399       0.553245819750141     
  0.894887555480864       0.313320840468276       0.288206835544500     
  0.289430689301014       0.240508619275083       0.806570712905429     
  0.361595085431398       0.656935595480684       0.119686093090469     
  2.942088593480054E-005  0.859410399199468       0.207023719162254     
  0.380191115646116       0.524865061760858       0.561933680519311     
  0.257794957767909       0.878521595545647       0.362225635165585     
  0.859855205826251       0.855313484834860       0.797678803916905     
  0.215015752773501       0.725168201977091       0.344800299174023     
  0.884042579167010       7.339921004353296E-002  0.915771076675852     
  0.603628071119644       0.163380346263540       0.435914263784192     
  0.691277025362911       0.947765371138926       0.282459998853802     
  6.439385080477246E-002  0.706878450568944       5.200745633156608E-003
  8.173619652858632E-002  0.977547289779541       0.637503289647895     
  0.511683636522753       0.937299330176930       0.532074834381213     
  0.538307619704228       0.432699434261345       0.196027162442516     
  0.579021520456773       0.279391634081718       8.566203766557923E-002
  0.628980038009220       0.663765447070629       0.136152772302543     
  0.653213107044694       0.248726064800712       0.262501238428406     
  0.466975823640892       0.453256825062616       0.444028556686644     
  0.905525084048396       0.816030265178719       0.616523662044127     
  0.545801892006389       0.320666860286120       0.327473691916216     
  0.492398953992706       0.505063691624269       0.736054333262574     
  0.992076904202911       0.676893705012138       0.522322007864040     
  0.479386086818455       0.395357286714540       0.980271892339715     
  0.770532593409338       0.969917819820563       0.701123132869799     
  0.955583156909992       0.623083449823955       0.905065572277206     
  0.343261054670605       0.920684056159622       0.465644696072327     
  0.317117277786773       0.894074737583413       0.876121180859070     
  0.590087764798474       0.199828857548508       0.511543845410036     
  0.433634400396436       0.752180258873708       0.988838388146792     
  0.236224610255200       0.493610898681318       0.249646728761370     
  5.559599449984889E-002  1.837414392172857E-002  0.941141726946592     
  0.787593855975706       0.542808324689868       0.111861945387616     
  0.747080242495865       0.908084503810731       0.963716140185935     
  0.106207060317544       0.547684125564324       0.405739539411692     
  0.150634191035444       0.584241221025554       0.164438897400914     
  0.251705882462468       9.934464500050175E-002  9.597719505719954E-002
  0.735052268835066       0.571162821238529       0.374431621171444     
  0.809196602410576       0.204965139821093       0.329399888257705     
  0.453011008416104       0.606247834657637       0.681064805126337     
  4.173274418616441E-002  0.407357096442265       0.899036909751773     
  0.173660119969787       0.350719911674889       0.727627924150043     
  0.391350619903033       0.363841241121929       0.156806915891129     
  0.929868715270293       5.116811363103548E-002  6.812110886963196E-002
  0.403497548961593       3.962866132870230E-002  0.854333924500220     
  0.683305400601569       0.767482389879824       0.947411942530441     
  0.671010778251375       0.105098147938536       5.251811316768779E-002
  0.163864368874960       0.127429550359397       0.857642303613620     
  0.525590544557875       0.779881473467849       0.308482548837460     
  0.328853822805636       0.382210295924579       0.480484033000536     
  0.303342751720970       0.179872185387809       0.223714076611780     
  0.210199605877332       6.896267753316355E-002  0.391057051121734     
  0.139061703650355       0.155721310365136       0.595858207715074     
  0.838624689386253       0.293777603972041       0.746039933386642     
  0.193725952236629       0.991618536674594       0.836017574965037     
  2.350781955471776E-002  0.261317323702115       3.309672969314179E-002
  0.424494692893656       0.831688036584651       0.785307385219403     
  0.825160615596355       0.223688023847285       0.175509109110260     
