 
    >>Normalized Constraint Values:
     0.12E+01     0.40E-01     0.12E+01
    -0.44E+00     0.17E-01    -0.44E+00
    -0.21E+01     0.21E-01    -0.21E+01
    -0.32E+01     0.40E-01    -0.32E+01
    -0.16E+01     0.17E-01    -0.16E+01
     0.60E-01     0.21E-01     0.60E-01
     0.13E+00     0.41E-01     0.13E+00
     0.23E+01     0.51E-01     0.23E+01
 
 
    >>Objective:       7.6597       0.0049       7.6646
    >>Coeff of variance:       0.0091
 
 iter    objective      ||grad||        inf_pr          inf_du         lg(mu)
    0  0.7664647E+01  0.0000000E+00  0.2262643E+01  0.1341705E+01  0.1000000E+01
 
    >>Normalized Constraint Values:
     0.68E+00     0.23E-01     0.68E+00
    -0.42E+00     0.18E-01    -0.42E+00
    -0.18E+01     0.18E-01    -0.18E+01
    -0.27E+01     0.23E-01    -0.27E+01
    -0.16E+01     0.18E-01    -0.16E+01
    -0.15E+00     0.18E-01    -0.15E+00
    -0.98E-01     0.39E-01    -0.98E-01
     0.15E+01     0.30E-01     0.15E+01
 
 
    >>Objective:       9.3838       0.0202       9.4041
    >>Coeff of variance:       0.0152
    1  0.9404060E+01  0.1543035E+01  0.1625626E+01  0.1051347E+02  0.3314109E+00
 
    >>Normalized Constraint Values:
     0.29E+00     0.97E-02     0.29E+00
    -0.30E+00     0.97E-02    -0.30E+00
    -0.15E+01     0.29E-01    -0.15E+01
    -0.23E+01     0.97E-02    -0.23E+01
    -0.17E+01     0.97E-02    -0.17E+01
    -0.50E+00     0.29E-01    -0.50E+00
    -0.12E+00     0.41E-01    -0.12E+00
     0.70E+00     0.34E-01     0.70E+00
 
 
    >>Objective:       9.6778       0.0135       9.6913
    >>Coeff of variance:       0.0120
    2  0.9691266E+01  0.9059073E+00  0.7858328E+00  0.8171565E+01  0.4314127E+00
 
    >>Normalized Constraint Values:
     0.12E-01     0.15E-01     0.12E-01
    -0.30E+00     0.16E-01    -0.30E+00
    -0.13E+01     0.19E-01    -0.13E+01
    -0.20E+01     0.15E-01    -0.20E+01
    -0.17E+01     0.16E-01    -0.17E+01
    -0.66E+00     0.19E-01    -0.66E+00
     0.26E-01     0.39E-01     0.26E-01
     0.49E+00     0.26E-01     0.49E+00
 
 
    >>Objective:      12.2069       0.0337      12.2406
    >>Coeff of variance:       0.0150
    3  0.1224059E+02  0.9613017E+00  0.4902737E+00  0.1917565E+02  0.5207608E+00
 
    >>Normalized Constraint Values:
    -0.13E+00     0.80E-02    -0.13E+00
    -0.48E+00     0.11E-01    -0.48E+00
    -0.13E+01     0.23E-01    -0.13E+01
    -0.19E+01     0.80E-02    -0.19E+01
    -0.15E+01     0.11E-01    -0.15E+01
    -0.71E+00     0.23E-01    -0.71E+00
    -0.27E+00     0.39E-01    -0.27E+00
     0.14E+00     0.23E-01     0.14E+00
 
 
    >>Objective:      13.7509       0.0318      13.7827
    >>Coeff of variance:       0.0130
    4  0.1378268E+02  0.1021220E+01  0.1688615E+00  0.2824128E+01  0.2905503E+00
 
    >>Normalized Constraint Values:
    -0.19E+00     0.74E-02    -0.19E+00
    -0.49E+00     0.12E-01    -0.49E+00
    -0.12E+01     0.22E-01    -0.12E+01
    -0.18E+01     0.74E-02    -0.18E+01
    -0.15E+01     0.12E-01    -0.15E+01
    -0.76E+00     0.22E-01    -0.76E+00
    -0.25E+00     0.41E-01    -0.25E+00
     0.49E-01     0.21E-01     0.49E-01
 
 
    >>Objective:      14.8040       0.0414      14.8454
    >>Coeff of variance:       0.0137
    5  0.1484540E+02  0.5637504E+00  0.4902150E-01  0.1610419E+01  0.6590870E-01
 
    >>Normalized Constraint Values:
    -0.14E+00     0.59E-02    -0.14E+00
    -0.42E+00     0.18E-01    -0.42E+00
    -0.12E+01     0.24E-01    -0.12E+01
    -0.19E+01     0.59E-02    -0.19E+01
    -0.16E+01     0.18E-01    -0.16E+01
    -0.82E+00     0.24E-01    -0.82E+00
    -0.40E-01     0.57E-01    -0.40E-01
     0.25E-02     0.21E-01     0.25E-02
 
 
    >>Objective:      14.8110       0.0506      14.8616
    >>Coeff of variance:       0.0152
    6  0.1486158E+02  0.7956175E+00  0.3906814E-01  0.1852761E+01  0.1695073E-01
 
    >>Normalized Constraint Values:
    -0.11E+00     0.55E-02    -0.11E+00
    -0.40E+00     0.20E-01    -0.40E+00
    -0.12E+01     0.25E-01    -0.12E+01
    -0.19E+01     0.55E-02    -0.19E+01
    -0.16E+01     0.20E-01    -0.16E+01
    -0.84E+00     0.25E-01    -0.84E+00
     0.32E-01     0.63E-01     0.32E-01
     0.53E-03     0.22E-01     0.53E-03
 
 
    >>Objective:      14.5912       0.0523      14.6434
    >>Coeff of variance:       0.0157
    7  0.1464342E+02  0.5188391E+00  0.3266616E-01  0.1046452E+01  0.2459904E-02
 
    >>Normalized Constraint Values:
    -0.12E+00     0.58E-02    -0.12E+00
    -0.41E+00     0.20E-01    -0.41E+00
    -0.12E+01     0.27E-01    -0.12E+01
    -0.19E+01     0.58E-02    -0.19E+01
    -0.16E+01     0.20E-01    -0.16E+01
    -0.81E+00     0.28E-01    -0.81E+00
    -0.20E-02     0.68E-01    -0.20E-02
     0.60E-02     0.27E-01     0.60E-02
 
 
    >>Objective:      14.4181       0.0528      14.4710
    >>Coeff of variance:       0.0159
    8  0.1447097E+02  0.3323814E+00  0.6368778E-02  0.4806005E+01  0.6746203E-02
 
    >>Normalized Constraint Values:
    -0.15E+00     0.67E-02    -0.15E+00
    -0.41E+00     0.20E-01    -0.41E+00
    -0.12E+01     0.28E-01    -0.12E+01
    -0.19E+01     0.67E-02    -0.19E+01
    -0.16E+01     0.20E-01    -0.16E+01
    -0.82E+00     0.28E-01    -0.82E+00
    -0.55E-03     0.69E-01    -0.55E-03
     0.31E-02     0.27E-01     0.31E-02
 
 
    >>Objective:      14.4425       0.0547      14.4972
    >>Coeff of variance:       0.0162
    9  0.1449718E+02  0.2039792E+00  0.3255629E-02  0.1731185E+01  0.1595096E-02
 
    >>Normalized Constraint Values:
    -0.14E+00     0.66E-02    -0.14E+00
    -0.41E+00     0.20E-01    -0.41E+00
    -0.12E+01     0.27E-01    -0.12E+01
    -0.19E+01     0.66E-02    -0.19E+01
    -0.16E+01     0.20E-01    -0.16E+01
    -0.82E+00     0.27E-01    -0.82E+00
    -0.24E-03     0.68E-01    -0.24E-03
     0.13E-03     0.27E-01     0.13E-03
 
 
    >>Objective:      14.5039       0.0552      14.5590
    >>Coeff of variance:       0.0162
   10  0.1455904E+02  0.4144198E-01  0.1693165E-03  0.3643022E+00  0.9657084E-03
 
    >>Normalized Constraint Values:
    -0.14E+00     0.66E-02    -0.14E+00
    -0.41E+00     0.20E-01    -0.41E+00
    -0.12E+01     0.27E-01    -0.12E+01
    -0.19E+01     0.66E-02    -0.19E+01
    -0.16E+01     0.20E-01    -0.16E+01
    -0.82E+00     0.27E-01    -0.82E+00
     0.15E-04     0.68E-01     0.15E-04
    -0.23E-05     0.27E-01    -0.23E-05
 
 
    >>Objective:      14.5049       0.0548      14.5598
    >>Coeff of variance:       0.0161
   11  0.1455977E+02  0.1477966E-02  0.2491455E-04  0.3153955E-01  0.1834860E-04
 
    >>Normalized Constraint Values:
    -0.14E+00     0.66E-02    -0.14E+00
    -0.41E+00     0.20E-01    -0.41E+00
    -0.12E+01     0.27E-01    -0.12E+01
    -0.19E+01     0.66E-02    -0.19E+01
    -0.16E+01     0.20E-01    -0.16E+01
    -0.82E+00     0.27E-01    -0.82E+00
    -0.25E-04     0.68E-01    -0.25E-04
    -0.35E-05     0.27E-01    -0.35E-05
 
 
    >>Objective:      14.5049       0.0550      14.5599
    >>Coeff of variance:       0.0162
 
    >>Normalized Constraint Values:
    -0.14E+00     0.66E-02    -0.14E+00
    -0.41E+00     0.20E-01    -0.41E+00
    -0.12E+01     0.27E-01    -0.12E+01
    -0.19E+01     0.66E-02    -0.19E+01
    -0.16E+01     0.20E-01    -0.16E+01
    -0.82E+00     0.27E-01    -0.82E+00
    -0.34E-05     0.68E-01    -0.34E-05
     0.23E-05     0.27E-01     0.23E-05
 
 
    >>Objective:      14.5047       0.0549      14.5596
    >>Coeff of variance:       0.0162
   12  0.1455964E+02  0.3684408E-03  0.3317938E-05  0.1595782E-02  0.2567305E-06
 
    >>Normalized Constraint Values:
    -0.14E+00     0.66E-02    -0.14E+00
    -0.41E+00     0.20E-01    -0.41E+00
    -0.12E+01     0.27E-01    -0.12E+01
    -0.19E+01     0.66E-02    -0.19E+01
    -0.16E+01     0.20E-01    -0.16E+01
    -0.82E+00     0.27E-01    -0.82E+00
    -0.25E-05     0.68E-01    -0.25E-05
    -0.76E-05     0.27E-01    -0.76E-05
 
 
    >>Objective:      14.5048       0.0551      14.5599
    >>Coeff of variance:       0.0162
 
    >>Normalized Constraint Values:
    -0.14E+00     0.66E-02    -0.14E+00
    -0.41E+00     0.20E-01    -0.41E+00
    -0.12E+01     0.27E-01    -0.12E+01
    -0.19E+01     0.66E-02    -0.19E+01
    -0.16E+01     0.20E-01    -0.16E+01
    -0.82E+00     0.27E-01    -0.82E+00
     0.10E-04     0.68E-01     0.10E-04
     0.14E-04     0.27E-01     0.14E-04
 
 
    >>Objective:      14.5046       0.0550      14.5595
    >>Coeff of variance:       0.0162
   13  0.1455955E+02  0.5032799E-04  0.1353076E-04  0.1641532E-02  0.2182619E-08
 
 The solution was found.
 
 The final value of the objective function is    14.5595465763251     
 
 The optimal values of X are:
 
 X  (           1 ) =    5.00000000000000      in^2
 X  (           2 ) =    1.42415747230873      in^2
 X  (           3 ) =    2.33102180375493      in^2
 X  (           4 ) =    37.6408775052554      deg
 X  (           5 ) =    60.0000000000000      deg
 X  (           6 ) =    150.000000000000      deg
 
 The multipliers for the equality constraints are:
 
 LAM(           1 ) =   1.521023690246336E-008
 LAM(           2 ) =   5.346416741268391E-009
 LAM(           3 ) =   1.845198109287451E-009
 LAM(           4 ) =   1.175592713530561E-009
 LAM(           5 ) =   1.371641606883611E-009
 LAM(           6 ) =   2.671699557056703E-009
 LAM(           7 ) =    4.12583619117487     
 LAM(           8 ) =    24.0101644906297     
 
Weight, variance, SD, CV:      14.5046       0.0550       0.2345       0.0162
