 
    >>Normalized Constraint Values:
  0.11901E+01  0.39642E-01  0.13486E+01     30.02078
 -0.43526E+00  0.16837E-01 -0.36791E+00    -25.85113
 -0.20602E+01  0.21466E-01 -0.19743E+01    -95.97354
 -0.31901E+01  0.39647E-01 -0.30315E+01    -80.46273
 -0.15647E+01  0.16810E-01 -0.14975E+01    -93.08512
  0.60183E-01  0.21465E-01  0.14604E+00      2.80371
  0.13032E+00  0.41031E-01  0.29444E+00      3.17611
  0.22526E+01  0.50992E-01  0.24566E+01     44.17614
 
 
    >>Objective:       7.6597       0.0049       7.6646
    >>Coeff of variance:       0.0091
 
 iter    objective      ||grad||        inf_pr          inf_du         lg(mu)
    0  0.7664644E+01  0.0000000E+00  0.2466618E+01  0.1146467E+01  0.1000000E+01
 
    >>Normalized Constraint Values:
  0.65444E+00  0.22780E-01  0.74557E+00     28.72830
 -0.40368E+00  0.18610E-01 -0.32924E+00    -21.69101
 -0.18461E+01  0.18929E-01 -0.17704E+01    -97.53111
 -0.26544E+01  0.22827E-01 -0.25631E+01   -116.28496
 -0.15963E+01  0.18601E-01 -0.15219E+01    -85.81892
 -0.15388E+00  0.18963E-01 -0.78026E-01     -8.11460
 -0.11176E+00  0.40203E-01  0.49048E-01     -2.77999
  0.14665E+01  0.30682E-01  0.15892E+01     47.79552
 
 
    >>Objective:       9.2473       0.0191       9.2664
    >>Coeff of variance:       0.0150
    1  0.9266414E+01  0.1480617E+01  0.1731350E+01  0.1014072E+02  0.3020394E+00
 
    >>Normalized Constraint Values:
  0.26734E+00  0.11485E-01  0.31327E+00     23.27751
 -0.23294E+00  0.15447E-01 -0.17116E+00    -15.08013
 -0.13921E+01  0.29416E-01 -0.12745E+01    -47.32646
 -0.22673E+01  0.11472E-01 -0.22214E+01   -197.63795
 -0.17671E+01  0.15442E-01 -0.17053E+01   -114.43409
 -0.60785E+00  0.29309E-01 -0.49061E+00    -20.73966
  0.11157E+00  0.53545E-01  0.32575E+00      2.08376
  0.61877E+00  0.30217E-01  0.73964E+00     20.47765
 
 
    >>Objective:       9.8603       0.0171       9.8774
    >>Coeff of variance:       0.0133
    2  0.9877362E+01  0.9367074E+00  0.7747276E+00  0.5977070E+01  0.3340380E+00
 
    >>Normalized Constraint Values:
 -0.15712E+00  0.12863E-01 -0.10566E+00    -12.21434
 -0.35567E+00  0.19169E-01 -0.27900E+00    -18.55506
 -0.12883E+01  0.14926E-01 -0.12286E+01    -86.30924
 -0.18429E+01  0.12917E-01 -0.17912E+01   -142.67583
 -0.16443E+01  0.19179E-01 -0.15676E+01    -85.73783
 -0.71172E+00  0.14919E-01 -0.65205E+00    -47.70645
 -0.86795E-02  0.42134E-01  0.15986E+00     -0.20600
  0.27021E+00  0.21877E-01  0.35772E+00     12.35120
 
 
    >>Objective:      14.8857       0.0701      14.9557
    >>Coeff of variance:       0.0178
    3  0.1495572E+02  0.1701512E+01  0.3580741E+00  0.3559383E+02  0.5694495E+00
 
    >>Normalized Constraint Values:
 -0.17895E+00  0.81536E-02 -0.14634E+00    -21.94796
 -0.52091E+00  0.12666E-01 -0.47024E+00    -41.12696
 -0.13128E+01  0.21158E-01 -0.12281E+01    -62.04668
 -0.18210E+01  0.81661E-02 -0.17884E+01   -223.00168
 -0.14791E+01  0.12674E-01 -0.14284E+01   -116.70605
 -0.68723E+00  0.21188E-01 -0.60248E+00    -32.43492
 -0.35812E+00  0.35676E-01 -0.21542E+00    -10.03820
  0.14139E+00  0.20277E-01  0.22250E+00      6.97303
 
 
    >>Objective:      14.4293       0.0378      14.4671
    >>Coeff of variance:       0.0135
    4  0.1446711E+02  0.9898747E+00  0.2584921E+00  0.6296523E+01  0.9784435E+00
 
    >>Normalized Constraint Values:
 -0.20112E+00  0.80496E-02 -0.16892E+00    -24.98504
 -0.46101E+00  0.14947E-01 -0.40122E+00    -30.84351
 -0.12154E+01  0.20761E-01 -0.11324E+01    -58.54271
 -0.17989E+01  0.80519E-02 -0.17667E+01   -223.41008
 -0.15390E+01  0.14945E-01 -0.14792E+01   -102.97919
 -0.78458E+00  0.20814E-01 -0.70132E+00    -37.69461
 -0.16828E+00  0.44665E-01  0.10377E-01     -3.76766
  0.37405E-01  0.19093E-01  0.11378E+00      1.95909
 
 
    >>Objective:      15.1814       0.0515      15.2329
    >>Coeff of variance:       0.0150
    5  0.1523290E+02  0.3917997E+00  0.1141373E+00  0.5818310E+01  0.1558343E+00
 
    >>Normalized Constraint Values:
 -0.20861E+00  0.80036E-02 -0.17659E+00    -26.06399
 -0.45544E+00  0.15421E-01 -0.39376E+00    -29.53438
 -0.12015E+01  0.20619E-01 -0.11190E+01    -58.26829
 -0.17914E+01  0.79922E-02 -0.17594E+01   -224.14218
 -0.15446E+01  0.15413E-01 -0.14829E+01   -100.21229
 -0.79854E+00  0.20710E-01 -0.71570E+00    -38.55797
 -0.13663E+00  0.47026E-01  0.51469E-01     -2.90551
  0.89576E-02  0.19312E-01  0.86205E-01      0.46384
 
 
    >>Objective:      15.4811       0.0561      15.5373
    >>Coeff of variance:       0.0153
    6  0.1553728E+02  0.2337585E+00  0.8651327E-01  0.1247344E+02  0.7800553E-02
 
    >>Normalized Constraint Values:
 -0.23858E+00  0.79519E-02 -0.20677E+00    -30.00251
 -0.47859E+00  0.14293E-01 -0.42141E+00    -33.48339
 -0.11998E+01  0.19767E-01 -0.11208E+01    -60.69982
 -0.17614E+01  0.79415E-02 -0.17297E+01   -221.79904
 -0.15214E+01  0.14292E-01 -0.14642E+01   -106.45538
 -0.80016E+00  0.19779E-01 -0.72104E+00    -40.45443
 -0.16919E+00  0.45784E-01  0.13948E-01     -3.69534
 -0.34583E-01  0.19502E-01  0.43426E-01     -1.77330
 
 
    >>Objective:      16.1975       0.0617      16.2592
    >>Coeff of variance:       0.0153
    7  0.1625918E+02  0.3594961E+00  0.4355498E-01  0.1816765E+02  0.4540329E-02
 
    >>Normalized Constraint Values:
 -0.26987E+00  0.80842E-02 -0.23753E+00    -33.38198
 -0.49534E+00  0.12953E-01 -0.44352E+00    -38.24195
 -0.11870E+01  0.17611E-01 -0.11165E+01    -67.40030
 -0.17301E+01  0.80791E-02 -0.16978E+01   -214.14815
 -0.15047E+01  0.12958E-01 -0.14528E+01   -116.12166
 -0.81302E+00  0.17584E-01 -0.74268E+00    -46.23537
 -0.18719E+00  0.41492E-01 -0.21225E-01     -4.51154
 -0.76750E-01  0.18029E-01 -0.46333E-02     -4.25699
 
 
    >>Objective:      17.2131       0.0702      17.2833
    >>Coeff of variance:       0.0154
    8  0.1728331E+02  0.3573347E+00  0.2098634E-01  0.3837004E+01  0.8720149E-03
 
    >>Normalized Constraint Values:
 -0.23102E+00  0.70515E-02 -0.20282E+00    -32.76248
 -0.48564E+00  0.13050E-01 -0.43344E+00    -37.21408
 -0.11790E+01  0.17592E-01 -0.11086E+01    -67.01795
 -0.17690E+01  0.70528E-02 -0.17408E+01   -250.82026
 -0.15144E+01  0.13047E-01 -0.14622E+01   -116.06551
 -0.82102E+00  0.17607E-01 -0.75059E+00    -46.63007
 -0.16479E+00  0.41581E-01  0.15367E-02     -3.96304
 -0.69731E-01  0.17080E-01 -0.14121E-02     -4.08268
 
 
    >>Objective:      16.9069       0.0642      16.9711
    >>Coeff of variance:       0.0150
    9  0.1697107E+02  0.2432396E+00  0.5708867E-02  0.2746427E+01  0.9077834E-02
 
    >>Normalized Constraint Values:
 -0.23745E+00  0.72617E-02 -0.20840E+00    -32.69842
 -0.48678E+00  0.13188E-01 -0.43403E+00    -36.91164
 -0.11826E+01  0.18032E-01 -0.11105E+01    -65.58476
 -0.17626E+01  0.72561E-02 -0.17335E+01   -242.90635
 -0.15132E+01  0.13181E-01 -0.14605E+01   -114.80139
 -0.81740E+00  0.18039E-01 -0.74524E+00    -45.31371
 -0.16858E+00  0.42456E-01  0.12478E-02     -3.97061
 -0.68066E-01  0.17637E-01  0.24830E-02     -3.85922
 
 
    >>Objective:      16.8326       0.0646      16.8972
    >>Coeff of variance:       0.0151
   10  0.1689723E+02  0.1393963E+00  0.2551920E-02  0.3256071E+00  0.8566660E-03
 
    >>Normalized Constraint Values:
 -0.24339E+00  0.74170E-02 -0.21372E+00    -32.81450
 -0.48841E+00  0.13173E-01 -0.43572E+00    -37.07670
 -0.11837E+01  0.17998E-01 -0.11117E+01    -65.76678
 -0.17566E+01  0.74173E-02 -0.17269E+01   -236.82794
 -0.15116E+01  0.13186E-01 -0.14588E+01   -114.63155
 -0.81630E+00  0.18024E-01 -0.74421E+00    -45.29013
 -0.17159E+00  0.42571E-01 -0.13003E-02     -4.03055
 -0.70242E-01  0.17809E-01  0.99367E-03     -3.94420
 
 
    >>Objective:      16.8882       0.0660      16.9541
    >>Coeff of variance:       0.0152
   11  0.1695412E+02  0.3804597E-01  0.1279914E-02  0.1068015E+00  0.2261566E-04
 
    >>Normalized Constraint Values:
 -0.24312E+00  0.73969E-02 -0.21353E+00    -32.86799
 -0.48821E+00  0.13189E-01 -0.43546E+00    -37.01678
 -0.11832E+01  0.17983E-01 -0.11113E+01    -65.79585
 -0.17569E+01  0.73935E-02 -0.17273E+01   -237.62452
 -0.15118E+01  0.13187E-01 -0.14590E+01   -114.63906
 -0.81682E+00  0.18008E-01 -0.74479E+00    -45.35989
 -0.17043E+00  0.42461E-01 -0.58735E-03     -4.01383
 -0.71327E-01  0.17723E-01 -0.43408E-03     -4.02449
 
 
    >>Objective:      16.9142       0.0661      16.9804
    >>Coeff of variance:       0.0152
   12  0.1698036E+02  0.1303262E-01  0.5863081E-03  0.6649156E-01  0.1097052E-05
 
    >>Normalized Constraint Values:
 -0.24248E+00  0.73835E-02 -0.21295E+00    -32.84144
 -0.48790E+00  0.13205E-01 -0.43508E+00    -36.94954
 -0.11833E+01  0.18013E-01 -0.11112E+01    -65.68893
 -0.17575E+01  0.73825E-02 -0.17280E+01   -238.06441
 -0.15121E+01  0.13208E-01 -0.14593E+01   -114.48008
 -0.81675E+00  0.18030E-01 -0.74463E+00    -45.30047
 -0.16983E+00  0.42598E-01  0.55748E-03     -3.98691
 -0.70926E-01  0.17802E-01  0.28100E-03     -3.98422
 
 
    >>Objective:      16.9011       0.0657      16.9668
    >>Coeff of variance:       0.0152
   13  0.1696677E+02  0.4583306E-02  0.5574859E-03  0.2537986E-01  0.6876533E-07
 
    >>Normalized Constraint Values:
 -0.24297E+00  0.73773E-02 -0.21346E+00    -32.93448
 -0.48818E+00  0.13193E-01 -0.43541E+00    -37.00217
 -0.11833E+01  0.17936E-01 -0.11116E+01    -65.97305
 -0.17570E+01  0.73938E-02 -0.17275E+01   -237.63538
 -0.15118E+01  0.13193E-01 -0.14590E+01   -114.58865
 -0.81670E+00  0.17963E-01 -0.74485E+00    -45.46674
 -0.17042E+00  0.42543E-01 -0.24643E-03     -4.00579
 -0.71197E-01  0.17780E-01 -0.74867E-04     -4.00421
 
 
    >>Objective:      16.9098       0.0660      16.9757
    >>Coeff of variance:       0.0152
   14  0.1697573E+02  0.3532363E-02  0.2965981E-03  0.2325694E-01  0.1424210E-08
 
    >>Normalized Constraint Values:
 -0.24294E+00  0.73832E-02 -0.21341E+00    -32.90433
 -0.48808E+00  0.13204E-01 -0.43527E+00    -36.96488
 -0.11833E+01  0.17980E-01 -0.11114E+01    -65.81050
 -0.17571E+01  0.74051E-02 -0.17274E+01   -237.27769
 -0.15119E+01  0.13203E-01 -0.14591E+01   -114.51299
 -0.81671E+00  0.18013E-01 -0.74466E+00    -45.33940
 -0.17020E+00  0.42643E-01  0.37022E-03     -3.99132
 -0.71116E-01  0.17766E-01 -0.53447E-04     -4.00301
 
 
    >>Objective:      16.9073       0.0661      16.9734
    >>Coeff of variance:       0.0152
   15  0.1697336E+02  0.1749966E-02  0.3702118E-03  0.4458808E-01  0.2118256E-10
 
    >>Normalized Constraint Values:
 -0.24295E+00  0.73925E-02 -0.21338E+00    -32.86384
 -0.48820E+00  0.13194E-01 -0.43542E+00    -37.00141
 -0.11834E+01  0.18081E-01 -0.11111E+01    -65.44836
 -0.17571E+01  0.73952E-02 -0.17275E+01   -237.59391
 -0.15118E+01  0.13194E-01 -0.14590E+01   -114.58644
 -0.81662E+00  0.18000E-01 -0.74462E+00    -45.36758
 -0.17053E+00  0.42660E-01  0.11435E-03     -3.99732
 -0.71063E-01  0.17764E-01 -0.52590E-05     -4.00030
 
 
    >>Objective:      16.9063       0.0659      16.9721
    >>Coeff of variance:       0.0152
   16  0.1697215E+02  0.4278491E-03  0.3976519E-03  0.1291503E-01  0.1000000E-10
 
 The solution was found.
 
 The final value of the objective function is    16.9721454801606     
 
 The optimal values of X are:
 
 X  (           1 ) =    5.00000000000000      in^2
 X  (           2 ) =    2.11211589782355      in^2
 X  (           3 ) =    3.33222872306421      in^2
 X  (           4 ) =    37.6023617476415      deg
 X  (           5 ) =    60.0000000000000      deg
 X  (           6 ) =    147.845644168638      deg
 
 The multipliers for the equality constraints are:
 
 LAM(           1 ) =   4.685485023695541E-011
 LAM(           2 ) =   2.296111863041479E-011
 LAM(           3 ) =   8.998031610424809E-012
 LAM(           4 ) =   5.788941179823414E-012
 LAM(           5 ) =   6.854485698115808E-012
 LAM(           6 ) =   1.343671245787377E-011
 LAM(           7 ) =    1.35973278595153     
 LAM(           8 ) =    28.4561666131790     
 
Weight, variance, SD, CV:      16.9063       0.0659       0.2566       0.0152
